CONNECTED COMPONENTS RESULT
Test Case: 10000
Input File: test/test_case_10000.txt

Number of components: 2501

Vertex Component
0 0
1 0
2 0
3 0
4 0
5 0
6 0
7 0
8 0
9 0
10 0
11 0
12 0
13 0
14 0
15 0
16 0
17 0
18 0
19 0
20 0
21 0
22 0
23 0
24 0
25 0
26 0
27 0
28 0
29 0
30 0
31 0
32 0
33 0
34 0
35 0
36 0
37 0
38 0
39 0
40 0
41 0
42 0
43 0
44 0
45 0
46 0
47 0
48 0
49 0
50 0
51 0
52 0
53 0
54 0
55 0
56 0
57 0
58 0
59 0
60 0
61 0
62 0
63 0
64 0
65 0
66 0
67 0
68 0
69 0
70 0
71 0
72 0
73 0
74 0
75 0
76 0
77 0
78 0
79 0
80 0
81 0
82 0
83 0
84 0
85 0
86 0
87 0
88 0
89 0
90 0
91 0
92 0
93 0
94 0
95 0
96 0
97 0
98 0
99 0
100 0
101 0
102 0
103 0
104 0
105 0
106 0
107 0
108 0
109 0
110 0
111 0
112 0
113 0
114 0
115 0
116 0
117 0
118 0
119 0
120 0
121 0
122 0
123 0
124 0
125 0
126 0
127 0
128 0
129 0
130 0
131 0
132 0
133 0
134 0
135 0
136 0
137 0
138 0
139 0
140 0
141 0
142 0
143 0
144 0
145 0
146 0
147 0
148 0
149 0
150 0
151 0
152 0
153 0
154 0
155 0
156 0
157 0
158 0
159 0
160 0
161 0
162 0
163 0
164 0
165 0
166 0
167 0
168 0
169 0
170 0
171 0
172 0
173 0
174 0
175 0
176 0
177 0
178 0
179 0
180 0
181 0
182 0
183 0
184 0
185 0
186 0
187 0
188 0
189 0
190 0
191 0
192 0
193 0
194 0
195 0
196 0
197 0
198 0
199 0
200 0
201 0
202 0
203 0
204 0
205 0
206 0
207 0
208 0
209 0
210 0
211 0
212 0
213 0
214 0
215 0
216 0
217 0
218 0
219 0
220 0
221 0
222 0
223 0
224 0
225 0
226 0
227 0
228 0
229 0
230 0
231 0
232 0
233 0
234 0
235 0
236 0
237 0
238 0
239 0
240 0
241 0
242 0
243 0
244 0
245 0
246 0
247 0
248 0
249 0
250 0
251 0
252 0
253 0
254 0
255 0
256 0
257 0
258 0
259 0
260 0
261 0
262 0
263 0
264 0
265 0
266 0
267 0
268 0
269 0
270 0
271 0
272 0
273 0
274 0
275 0
276 0
277 0
278 0
279 0
280 0
281 0
282 0
283 0
284 0
285 0
286 0
287 0
288 0
289 0
290 0
291 0
292 0
293 0
294 0
295 0
296 0
297 0
298 0
299 0
300 0
301 0
302 0
303 0
304 0
305 0
306 0
307 0
308 0
309 0
310 0
311 0
312 0
313 0
314 0
315 0
316 0
317 0
318 0
319 0
320 0
321 0
322 0
323 0
324 0
325 0
326 0
327 0
328 0
329 0
330 0
331 0
332 0
333 0
334 0
335 0
336 0
337 0
338 0
339 0
340 0
341 0
342 0
343 0
344 0
345 0
346 0
347 0
348 0
349 0
350 0
351 0
352 0
353 0
354 0
355 0
356 0
357 0
358 0
359 0
360 0
361 0
362 0
363 0
364 0
365 0
366 0
367 0
368 0
369 0
370 0
371 0
372 0
373 0
374 0
375 0
376 0
377 0
378 0
379 0
380 0
381 0
382 0
383 0
384 0
385 0
386 0
387 0
388 0
389 0
390 0
391 0
392 0
393 0
394 0
395 0
396 0
397 0
398 0
399 0
400 0
401 0
402 0
403 0
404 0
405 0
406 0
407 0
408 0
409 0
410 0
411 0
412 0
413 0
414 0
415 0
416 0
417 0
418 0
419 0
420 0
421 0
422 0
423 0
424 0
425 0
426 0
427 0
428 0
429 0
430 0
431 0
432 0
433 0
434 0
435 0
436 0
437 0
438 0
439 0
440 0
441 0
442 0
443 0
444 0
445 0
446 0
447 0
448 0
449 0
450 0
451 0
452 0
453 0
454 0
455 0
456 0
457 0
458 0
459 0
460 0
461 0
462 0
463 0
464 0
465 0
466 0
467 0
468 0
469 0
470 0
471 0
472 0
473 0
474 0
475 0
476 0
477 0
478 0
479 0
480 0
481 0
482 0
483 0
484 0
485 0
486 0
487 0
488 0
489 0
490 0
491 0
492 0
493 0
494 0
495 0
496 0
497 0
498 0
499 0
500 0
501 0
502 0
503 0
504 0
505 0
506 0
507 0
508 0
509 0
510 0
511 0
512 0
513 0
514 0
515 0
516 0
517 0
518 0
519 0
520 0
521 0
522 0
523 0
524 0
525 0
526 0
527 0
528 0
529 0
530 0
531 0
532 0
533 0
534 0
535 0
536 0
537 0
538 0
539 0
540 0
541 0
542 0
543 0
544 0
545 0
546 0
547 0
548 0
549 0
550 0
551 0
552 0
553 0
554 0
555 0
556 0
557 0
558 0
559 0
560 0
561 0
562 0
563 0
564 0
565 0
566 0
567 0
568 0
569 0
570 0
571 0
572 0
573 0
574 0
575 0
576 0
577 0
578 0
579 0
580 0
581 0
582 0
583 0
584 0
585 0
586 0
587 0
588 0
589 0
590 0
591 0
592 0
593 0
594 0
595 0
596 0
597 0
598 0
599 0
600 0
601 0
602 0
603 0
604 0
605 0
606 0
607 0
608 0
609 0
610 0
611 0
612 0
613 0
614 0
615 0
616 0
617 0
618 0
619 0
620 0
621 0
622 0
623 0
624 0
625 0
626 0
627 0
628 0
629 0
630 0
631 0
632 0
633 0
634 0
635 0
636 0
637 0
638 0
639 0
640 0
641 0
642 0
643 0
644 0
645 0
646 0
647 0
648 0
649 0
650 0
651 0
652 0
653 0
654 0
655 0
656 0
657 0
658 0
659 0
660 0
661 0
662 0
663 0
664 0
665 0
666 0
667 0
668 0
669 0
670 0
671 0
672 0
673 0
674 0
675 0
676 0
677 0
678 0
679 0
680 0
681 0
682 0
683 0
684 0
685 0
686 0
687 0
688 0
689 0
690 0
691 0
692 0
693 0
694 0
695 0
696 0
697 0
698 0
699 0
700 0
701 0
702 0
703 0
704 0
705 0
706 0
707 0
708 0
709 0
710 0
711 0
712 0
713 0
714 0
715 0
716 0
717 0
718 0
719 0
720 0
721 0
722 0
723 0
724 0
725 0
726 0
727 0
728 0
729 0
730 0
731 0
732 0
733 0
734 0
735 0
736 0
737 0
738 0
739 0
740 0
741 0
742 0
743 0
744 0
745 0
746 0
747 0
748 0
749 0
750 0
751 0
752 0
753 0
754 0
755 0
756 0
757 0
758 0
759 0
760 0
761 0
762 0
763 0
764 0
765 0
766 0
767 0
768 0
769 0
770 0
771 0
772 0
773 0
774 0
775 0
776 0
777 0
778 0
779 0
780 0
781 0
782 0
783 0
784 0
785 0
786 0
787 0
788 0
789 0
790 0
791 0
792 0
793 0
794 0
795 0
796 0
797 0
798 0
799 0
800 0
801 0
802 0
803 0
804 0
805 0
806 0
807 0
808 0
809 0
810 0
811 0
812 0
813 0
814 0
815 0
816 0
817 0
818 0
819 0
820 0
821 0
822 0
823 0
824 0
825 0
826 0
827 0
828 0
829 0
830 0
831 0
832 0
833 0
834 0
835 0
836 0
837 0
838 0
839 0
840 0
841 0
842 0
843 0
844 0
845 0
846 0
847 0
848 0
849 0
850 0
851 0
852 0
853 0
854 0
855 0
856 0
857 0
858 0
859 0
860 0
861 0
862 0
863 0
864 0
865 0
866 0
867 0
868 0
869 0
870 0
871 0
872 0
873 0
874 0
875 0
876 0
877 0
878 0
879 0
880 0
881 0
882 0
883 0
884 0
885 0
886 0
887 0
888 0
889 0
890 0
891 0
892 0
893 0
894 0
895 0
896 0
897 0
898 0
899 0
900 0
901 0
902 0
903 0
904 0
905 0
906 0
907 0
908 0
909 0
910 0
911 0
912 0
913 0
914 0
915 0
916 0
917 0
918 0
919 0
920 0
921 0
922 0
923 0
924 0
925 0
926 0
927 0
928 0
929 0
930 0
931 0
932 0
933 0
934 0
935 0
936 0
937 0
938 0
939 0
940 0
941 0
942 0
943 0
944 0
945 0
946 0
947 0
948 0
949 0
950 0
951 0
952 0
953 0
954 0
955 0
956 0
957 0
958 0
959 0
960 0
961 0
962 0
963 0
964 0
965 0
966 0
967 0
968 0
969 0
970 0
971 0
972 0
973 0
974 0
975 0
976 0
977 0
978 0
979 0
980 0
981 0
982 0
983 0
984 0
985 0
986 0
987 0
988 0
989 0
990 0
991 0
992 0
993 0
994 0
995 0
996 0
997 0
998 0
999 0
1000 0
1001 0
1002 0
1003 0
1004 0
1005 0
1006 0
1007 0
1008 0
1009 0
1010 0
1011 0
1012 0
1013 0
1014 0
1015 0
1016 0
1017 0
1018 0
1019 0
1020 0
1021 0
1022 0
1023 0
1024 0
1025 0
1026 0
1027 0
1028 0
1029 0
1030 0
1031 0
1032 0
1033 0
1034 0
1035 0
1036 0
1037 0
1038 0
1039 0
1040 0
1041 0
1042 0
1043 0
1044 0
1045 0
1046 0
1047 0
1048 0
1049 0
1050 0
1051 0
1052 0
1053 0
1054 0
1055 0
1056 0
1057 0
1058 0
1059 0
1060 0
1061 0
1062 0
1063 0
1064 0
1065 0
1066 0
1067 0
1068 0
1069 0
1070 0
1071 0
1072 0
1073 0
1074 0
1075 0
1076 0
1077 0
1078 0
1079 0
1080 0
1081 0
1082 0
1083 0
1084 0
1085 0
1086 0
1087 0
1088 0
1089 0
1090 0
1091 0
1092 0
1093 0
1094 0
1095 0
1096 0
1097 0
1098 0
1099 0
1100 0
1101 0
1102 0
1103 0
1104 0
1105 0
1106 0
1107 0
1108 0
1109 0
1110 0
1111 0
1112 0
1113 0
1114 0
1115 0
1116 0
1117 0
1118 0
1119 0
1120 0
1121 0
1122 0
1123 0
1124 0
1125 0
1126 0
1127 0
1128 0
1129 0
1130 0
1131 0
1132 0
1133 0
1134 0
1135 0
1136 0
1137 0
1138 0
1139 0
1140 0
1141 0
1142 0
1143 0
1144 0
1145 0
1146 0
1147 0
1148 0
1149 0
1150 0
1151 0
1152 0
1153 0
1154 0
1155 0
1156 0
1157 0
1158 0
1159 0
1160 0
1161 0
1162 0
1163 0
1164 0
1165 0
1166 0
1167 0
1168 0
1169 0
1170 0
1171 0
1172 0
1173 0
1174 0
1175 0
1176 0
1177 0
1178 0
1179 0
1180 0
1181 0
1182 0
1183 0
1184 0
1185 0
1186 0
1187 0
1188 0
1189 0
1190 0
1191 0
1192 0
1193 0
1194 0
1195 0
1196 0
1197 0
1198 0
1199 0
1200 0
1201 0
1202 0
1203 0
1204 0
1205 0
1206 0
1207 0
1208 0
1209 0
1210 0
1211 0
1212 0
1213 0
1214 0
1215 0
1216 0
1217 0
1218 0
1219 0
1220 0
1221 0
1222 0
1223 0
1224 0
1225 0
1226 0
1227 0
1228 0
1229 0
1230 0
1231 0
1232 0
1233 0
1234 0
1235 0
1236 0
1237 0
1238 0
1239 0
1240 0
1241 0
1242 0
1243 0
1244 0
1245 0
1246 0
1247 0
1248 0
1249 0
1250 0
1251 0
1252 0
1253 0
1254 0
1255 0
1256 0
1257 0
1258 0
1259 0
1260 0
1261 0
1262 0
1263 0
1264 0
1265 0
1266 0
1267 0
1268 0
1269 0
1270 0
1271 0
1272 0
1273 0
1274 0
1275 0
1276 0
1277 0
1278 0
1279 0
1280 0
1281 0
1282 0
1283 0
1284 0
1285 0
1286 0
1287 0
1288 0
1289 0
1290 0
1291 0
1292 0
1293 0
1294 0
1295 0
1296 0
1297 0
1298 0
1299 0
1300 0
1301 0
1302 0
1303 0
1304 0
1305 0
1306 0
1307 0
1308 0
1309 0
1310 0
1311 0
1312 0
1313 0
1314 0
1315 0
1316 0
1317 0
1318 0
1319 0
1320 0
1321 0
1322 0
1323 0
1324 0
1325 0
1326 0
1327 0
1328 0
1329 0
1330 0
1331 0
1332 0
1333 0
1334 0
1335 0
1336 0
1337 0
1338 0
1339 0
1340 0
1341 0
1342 0
1343 0
1344 0
1345 0
1346 0
1347 0
1348 0
1349 0
1350 0
1351 0
1352 0
1353 0
1354 0
1355 0
1356 0
1357 0
1358 0
1359 0
1360 0
1361 0
1362 0
1363 0
1364 0
1365 0
1366 0
1367 0
1368 0
1369 0
1370 0
1371 0
1372 0
1373 0
1374 0
1375 0
1376 0
1377 0
1378 0
1379 0
1380 0
1381 0
1382 0
1383 0
1384 0
1385 0
1386 0
1387 0
1388 0
1389 0
1390 0
1391 0
1392 0
1393 0
1394 0
1395 0
1396 0
1397 0
1398 0
1399 0
1400 0
1401 0
1402 0
1403 0
1404 0
1405 0
1406 0
1407 0
1408 0
1409 0
1410 0
1411 0
1412 0
1413 0
1414 0
1415 0
1416 0
1417 0
1418 0
1419 0
1420 0
1421 0
1422 0
1423 0
1424 0
1425 0
1426 0
1427 0
1428 0
1429 0
1430 0
1431 0
1432 0
1433 0
1434 0
1435 0
1436 0
1437 0
1438 0
1439 0
1440 0
1441 0
1442 0
1443 0
1444 0
1445 0
1446 0
1447 0
1448 0
1449 0
1450 0
1451 0
1452 0
1453 0
1454 0
1455 0
1456 0
1457 0
1458 0
1459 0
1460 0
1461 0
1462 0
1463 0
1464 0
1465 0
1466 0
1467 0
1468 0
1469 0
1470 0
1471 0
1472 0
1473 0
1474 0
1475 0
1476 0
1477 0
1478 0
1479 0
1480 0
1481 0
1482 0
1483 0
1484 0
1485 0
1486 0
1487 0
1488 0
1489 0
1490 0
1491 0
1492 0
1493 0
1494 0
1495 0
1496 0
1497 0
1498 0
1499 0
1500 0
1501 0
1502 0
1503 0
1504 0
1505 0
1506 0
1507 0
1508 0
1509 0
1510 0
1511 0
1512 0
1513 0
1514 0
1515 0
1516 0
1517 0
1518 0
1519 0
1520 0
1521 0
1522 0
1523 0
1524 0
1525 0
1526 0
1527 0
1528 0
1529 0
1530 0
1531 0
1532 0
1533 0
1534 0
1535 0
1536 0
1537 0
1538 0
1539 0
1540 0
1541 0
1542 0
1543 0
1544 0
1545 0
1546 0
1547 0
1548 0
1549 0
1550 0
1551 0
1552 0
1553 0
1554 0
1555 0
1556 0
1557 0
1558 0
1559 0
1560 0
1561 0
1562 0
1563 0
1564 0
1565 0
1566 0
1567 0
1568 0
1569 0
1570 0
1571 0
1572 0
1573 0
1574 0
1575 0
1576 0
1577 0
1578 0
1579 0
1580 0
1581 0
1582 0
1583 0
1584 0
1585 0
1586 0
1587 0
1588 0
1589 0
1590 0
1591 0
1592 0
1593 0
1594 0
1595 0
1596 0
1597 0
1598 0
1599 0
1600 0
1601 0
1602 0
1603 0
1604 0
1605 0
1606 0
1607 0
1608 0
1609 0
1610 0
1611 0
1612 0
1613 0
1614 0
1615 0
1616 0
1617 0
1618 0
1619 0
1620 0
1621 0
1622 0
1623 0
1624 0
1625 0
1626 0
1627 0
1628 0
1629 0
1630 0
1631 0
1632 0
1633 0
1634 0
1635 0
1636 0
1637 0
1638 0
1639 0
1640 0
1641 0
1642 0
1643 0
1644 0
1645 0
1646 0
1647 0
1648 0
1649 0
1650 0
1651 0
1652 0
1653 0
1654 0
1655 0
1656 0
1657 0
1658 0
1659 0
1660 0
1661 0
1662 0
1663 0
1664 0
1665 0
1666 0
1667 0
1668 0
1669 0
1670 0
1671 0
1672 0
1673 0
1674 0
1675 0
1676 0
1677 0
1678 0
1679 0
1680 0
1681 0
1682 0
1683 0
1684 0
1685 0
1686 0
1687 0
1688 0
1689 0
1690 0
1691 0
1692 0
1693 0
1694 0
1695 0
1696 0
1697 0
1698 0
1699 0
1700 0
1701 0
1702 0
1703 0
1704 0
1705 0
1706 0
1707 0
1708 0
1709 0
1710 0
1711 0
1712 0
1713 0
1714 0
1715 0
1716 0
1717 0
1718 0
1719 0
1720 0
1721 0
1722 0
1723 0
1724 0
1725 0
1726 0
1727 0
1728 0
1729 0
1730 0
1731 0
1732 0
1733 0
1734 0
1735 0
1736 0
1737 0
1738 0
1739 0
1740 0
1741 0
1742 0
1743 0
1744 0
1745 0
1746 0
1747 0
1748 0
1749 0
1750 0
1751 0
1752 0
1753 0
1754 0
1755 0
1756 0
1757 0
1758 0
1759 0
1760 0
1761 0
1762 0
1763 0
1764 0
1765 0
1766 0
1767 0
1768 0
1769 0
1770 0
1771 0
1772 0
1773 0
1774 0
1775 0
1776 0
1777 0
1778 0
1779 0
1780 0
1781 0
1782 0
1783 0
1784 0
1785 0
1786 0
1787 0
1788 0
1789 0
1790 0
1791 0
1792 0
1793 0
1794 0
1795 0
1796 0
1797 0
1798 0
1799 0
1800 0
1801 0
1802 0
1803 0
1804 0
1805 0
1806 0
1807 0
1808 0
1809 0
1810 0
1811 0
1812 0
1813 0
1814 0
1815 0
1816 0
1817 0
1818 0
1819 0
1820 0
1821 0
1822 0
1823 0
1824 0
1825 0
1826 0
1827 0
1828 0
1829 0
1830 0
1831 0
1832 0
1833 0
1834 0
1835 0
1836 0
1837 0
1838 0
1839 0
1840 0
1841 0
1842 0
1843 0
1844 0
1845 0
1846 0
1847 0
1848 0
1849 0
1850 0
1851 0
1852 0
1853 0
1854 0
1855 0
1856 0
1857 0
1858 0
1859 0
1860 0
1861 0
1862 0
1863 0
1864 0
1865 0
1866 0
1867 0
1868 0
1869 0
1870 0
1871 0
1872 0
1873 0
1874 0
1875 0
1876 0
1877 0
1878 0
1879 0
1880 0
1881 0
1882 0
1883 0
1884 0
1885 0
1886 0
1887 0
1888 0
1889 0
1890 0
1891 0
1892 0
1893 0
1894 0
1895 0
1896 0
1897 0
1898 0
1899 0
1900 0
1901 0
1902 0
1903 0
1904 0
1905 0
1906 0
1907 0
1908 0
1909 0
1910 0
1911 0
1912 0
1913 0
1914 0
1915 0
1916 0
1917 0
1918 0
1919 0
1920 0
1921 0
1922 0
1923 0
1924 0
1925 0
1926 0
1927 0
1928 0
1929 0
1930 0
1931 0
1932 0
1933 0
1934 0
1935 0
1936 0
1937 0
1938 0
1939 0
1940 0
1941 0
1942 0
1943 0
1944 0
1945 0
1946 0
1947 0
1948 0
1949 0
1950 0
1951 0
1952 0
1953 0
1954 0
1955 0
1956 0
1957 0
1958 0
1959 0
1960 0
1961 0
1962 0
1963 0
1964 0
1965 0
1966 0
1967 0
1968 0
1969 0
1970 0
1971 0
1972 0
1973 0
1974 0
1975 0
1976 0
1977 0
1978 0
1979 0
1980 0
1981 0
1982 0
1983 0
1984 0
1985 0
1986 0
1987 0
1988 0
1989 0
1990 0
1991 0
1992 0
1993 0
1994 0
1995 0
1996 0
1997 0
1998 0
1999 0
2000 0
2001 0
2002 0
2003 0
2004 0
2005 0
2006 0
2007 0
2008 0
2009 0
2010 0
2011 0
2012 0
2013 0
2014 0
2015 0
2016 0
2017 0
2018 0
2019 0
2020 0
2021 0
2022 0
2023 0
2024 0
2025 0
2026 0
2027 0
2028 0
2029 0
2030 0
2031 0
2032 0
2033 0
2034 0
2035 0
2036 0
2037 0
2038 0
2039 0
2040 0
2041 0
2042 0
2043 0
2044 0
2045 0
2046 0
2047 0
2048 0
2049 0
2050 0
2051 0
2052 0
2053 0
2054 0
2055 0
2056 0
2057 0
2058 0
2059 0
2060 0
2061 0
2062 0
2063 0
2064 0
2065 0
2066 0
2067 0
2068 0
2069 0
2070 0
2071 0
2072 0
2073 0
2074 0
2075 0
2076 0
2077 0
2078 0
2079 0
2080 0
2081 0
2082 0
2083 0
2084 0
2085 0
2086 0
2087 0
2088 0
2089 0
2090 0
2091 0
2092 0
2093 0
2094 0
2095 0
2096 0
2097 0
2098 0
2099 0
2100 0
2101 0
2102 0
2103 0
2104 0
2105 0
2106 0
2107 0
2108 0
2109 0
2110 0
2111 0
2112 0
2113 0
2114 0
2115 0
2116 0
2117 0
2118 0
2119 0
2120 0
2121 0
2122 0
2123 0
2124 0
2125 0
2126 0
2127 0
2128 0
2129 0
2130 0
2131 0
2132 0
2133 0
2134 0
2135 0
2136 0
2137 0
2138 0
2139 0
2140 0
2141 0
2142 0
2143 0
2144 0
2145 0
2146 0
2147 0
2148 0
2149 0
2150 0
2151 0
2152 0
2153 0
2154 0
2155 0
2156 0
2157 0
2158 0
2159 0
2160 0
2161 0
2162 0
2163 0
2164 0
2165 0
2166 0
2167 0
2168 0
2169 0
2170 0
2171 0
2172 0
2173 0
2174 0
2175 0
2176 0
2177 0
2178 0
2179 0
2180 0
2181 0
2182 0
2183 0
2184 0
2185 0
2186 0
2187 0
2188 0
2189 0
2190 0
2191 0
2192 0
2193 0
2194 0
2195 0
2196 0
2197 0
2198 0
2199 0
2200 0
2201 0
2202 0
2203 0
2204 0
2205 0
2206 0
2207 0
2208 0
2209 0
2210 0
2211 0
2212 0
2213 0
2214 0
2215 0
2216 0
2217 0
2218 0
2219 0
2220 0
2221 0
2222 0
2223 0
2224 0
2225 0
2226 0
2227 0
2228 0
2229 0
2230 0
2231 0
2232 0
2233 0
2234 0
2235 0
2236 0
2237 0
2238 0
2239 0
2240 0
2241 0
2242 0
2243 0
2244 0
2245 0
2246 0
2247 0
2248 0
2249 0
2250 0
2251 0
2252 0
2253 0
2254 0
2255 0
2256 0
2257 0
2258 0
2259 0
2260 0
2261 0
2262 0
2263 0
2264 0
2265 0
2266 0
2267 0
2268 0
2269 0
2270 0
2271 0
2272 0
2273 0
2274 0
2275 0
2276 0
2277 0
2278 0
2279 0
2280 0
2281 0
2282 0
2283 0
2284 0
2285 0
2286 0
2287 0
2288 0
2289 0
2290 0
2291 0
2292 0
2293 0
2294 0
2295 0
2296 0
2297 0
2298 0
2299 0
2300 0
2301 0
2302 0
2303 0
2304 0
2305 0
2306 0
2307 0
2308 0
2309 0
2310 0
2311 0
2312 0
2313 0
2314 0
2315 0
2316 0
2317 0
2318 0
2319 0
2320 0
2321 0
2322 0
2323 0
2324 0
2325 0
2326 0
2327 0
2328 0
2329 0
2330 0
2331 0
2332 0
2333 0
2334 0
2335 0
2336 0
2337 0
2338 0
2339 0
2340 0
2341 0
2342 0
2343 0
2344 0
2345 0
2346 0
2347 0
2348 0
2349 0
2350 0
2351 0
2352 0
2353 0
2354 0
2355 0
2356 0
2357 0
2358 0
2359 0
2360 0
2361 0
2362 0
2363 0
2364 0
2365 0
2366 0
2367 0
2368 0
2369 0
2370 0
2371 0
2372 0
2373 0
2374 0
2375 0
2376 0
2377 0
2378 0
2379 0
2380 0
2381 0
2382 0
2383 0
2384 0
2385 0
2386 0
2387 0
2388 0
2389 0
2390 0
2391 0
2392 0
2393 0
2394 0
2395 0
2396 0
2397 0
2398 0
2399 0
2400 0
2401 0
2402 0
2403 0
2404 0
2405 0
2406 0
2407 0
2408 0
2409 0
2410 0
2411 0
2412 0
2413 0
2414 0
2415 0
2416 0
2417 0
2418 0
2419 0
2420 0
2421 0
2422 0
2423 0
2424 0
2425 0
2426 0
2427 0
2428 0
2429 0
2430 0
2431 0
2432 0
2433 0
2434 0
2435 0
2436 0
2437 0
2438 0
2439 0
2440 0
2441 0
2442 0
2443 0
2444 0
2445 0
2446 0
2447 0
2448 0
2449 0
2450 0
2451 0
2452 0
2453 0
2454 0
2455 0
2456 0
2457 0
2458 0
2459 0
2460 0
2461 0
2462 0
2463 0
2464 0
2465 0
2466 0
2467 0
2468 0
2469 0
2470 0
2471 0
2472 0
2473 0
2474 0
2475 0
2476 0
2477 0
2478 0
2479 0
2480 0
2481 0
2482 0
2483 0
2484 0
2485 0
2486 0
2487 0
2488 0
2489 0
2490 0
2491 0
2492 0
2493 0
2494 0
2495 0
2496 0
2497 0
2498 0
2499 0
2500 0
2501 0
2502 0
2503 0
2504 0
2505 0
2506 0
2507 0
2508 0
2509 0
2510 0
2511 0
2512 0
2513 0
2514 0
2515 0
2516 0
2517 0
2518 0
2519 0
2520 0
2521 0
2522 0
2523 0
2524 0
2525 0
2526 0
2527 0
2528 0
2529 0
2530 0
2531 0
2532 0
2533 0
2534 0
2535 0
2536 0
2537 0
2538 0
2539 0
2540 0
2541 0
2542 0
2543 0
2544 0
2545 0
2546 0
2547 0
2548 0
2549 0
2550 0
2551 0
2552 0
2553 0
2554 0
2555 0
2556 0
2557 0
2558 0
2559 0
2560 0
2561 0
2562 0
2563 0
2564 0
2565 0
2566 0
2567 0
2568 0
2569 0
2570 0
2571 0
2572 0
2573 0
2574 0
2575 0
2576 0
2577 0
2578 0
2579 0
2580 0
2581 0
2582 0
2583 0
2584 0
2585 0
2586 0
2587 0
2588 0
2589 0
2590 0
2591 0
2592 0
2593 0
2594 0
2595 0
2596 0
2597 0
2598 0
2599 0
2600 0
2601 0
2602 0
2603 0
2604 0
2605 0
2606 0
2607 0
2608 0
2609 0
2610 0
2611 0
2612 0
2613 0
2614 0
2615 0
2616 0
2617 0
2618 0
2619 0
2620 0
2621 0
2622 0
2623 0
2624 0
2625 0
2626 0
2627 0
2628 0
2629 0
2630 0
2631 0
2632 0
2633 0
2634 0
2635 0
2636 0
2637 0
2638 0
2639 0
2640 0
2641 0
2642 0
2643 0
2644 0
2645 0
2646 0
2647 0
2648 0
2649 0
2650 0
2651 0
2652 0
2653 0
2654 0
2655 0
2656 0
2657 0
2658 0
2659 0
2660 0
2661 0
2662 0
2663 0
2664 0
2665 0
2666 0
2667 0
2668 0
2669 0
2670 0
2671 0
2672 0
2673 0
2674 0
2675 0
2676 0
2677 0
2678 0
2679 0
2680 0
2681 0
2682 0
2683 0
2684 0
2685 0
2686 0
2687 0
2688 0
2689 0
2690 0
2691 0
2692 0
2693 0
2694 0
2695 0
2696 0
2697 0
2698 0
2699 0
2700 0
2701 0
2702 0
2703 0
2704 0
2705 0
2706 0
2707 0
2708 0
2709 0
2710 0
2711 0
2712 0
2713 0
2714 0
2715 0
2716 0
2717 0
2718 0
2719 0
2720 0
2721 0
2722 0
2723 0
2724 0
2725 0
2726 0
2727 0
2728 0
2729 0
2730 0
2731 0
2732 0
2733 0
2734 0
2735 0
2736 0
2737 0
2738 0
2739 0
2740 0
2741 0
2742 0
2743 0
2744 0
2745 0
2746 0
2747 0
2748 0
2749 0
2750 0
2751 0
2752 0
2753 0
2754 0
2755 0
2756 0
2757 0
2758 0
2759 0
2760 0
2761 0
2762 0
2763 0
2764 0
2765 0
2766 0
2767 0
2768 0
2769 0
2770 0
2771 0
2772 0
2773 0
2774 0
2775 0
2776 0
2777 0
2778 0
2779 0
2780 0
2781 0
2782 0
2783 0
2784 0
2785 0
2786 0
2787 0
2788 0
2789 0
2790 0
2791 0
2792 0
2793 0
2794 0
2795 0
2796 0
2797 0
2798 0
2799 0
2800 0
2801 0
2802 0
2803 0
2804 0
2805 0
2806 0
2807 0
2808 0
2809 0
2810 0
2811 0
2812 0
2813 0
2814 0
2815 0
2816 0
2817 0
2818 0
2819 0
2820 0
2821 0
2822 0
2823 0
2824 0
2825 0
2826 0
2827 0
2828 0
2829 0
2830 0
2831 0
2832 0
2833 0
2834 0
2835 0
2836 0
2837 0
2838 0
2839 0
2840 0
2841 0
2842 0
2843 0
2844 0
2845 0
2846 0
2847 0
2848 0
2849 0
2850 0
2851 0
2852 0
2853 0
2854 0
2855 0
2856 0
2857 0
2858 0
2859 0
2860 0
2861 0
2862 0
2863 0
2864 0
2865 0
2866 0
2867 0
2868 0
2869 0
2870 0
2871 0
2872 0
2873 0
2874 0
2875 0
2876 0
2877 0
2878 0
2879 0
2880 0
2881 0
2882 0
2883 0
2884 0
2885 0
2886 0
2887 0
2888 0
2889 0
2890 0
2891 0
2892 0
2893 0
2894 0
2895 0
2896 0
2897 0
2898 0
2899 0
2900 0
2901 0
2902 0
2903 0
2904 0
2905 0
2906 0
2907 0
2908 0
2909 0
2910 0
2911 0
2912 0
2913 0
2914 0
2915 0
2916 0
2917 0
2918 0
2919 0
2920 0
2921 0
2922 0
2923 0
2924 0
2925 0
2926 0
2927 0
2928 0
2929 0
2930 0
2931 0
2932 0
2933 0
2934 0
2935 0
2936 0
2937 0
2938 0
2939 0
2940 0
2941 0
2942 0
2943 0
2944 0
2945 0
2946 0
2947 0
2948 0
2949 0
2950 0
2951 0
2952 0
2953 0
2954 0
2955 0
2956 0
2957 0
2958 0
2959 0
2960 0
2961 0
2962 0
2963 0
2964 0
2965 0
2966 0
2967 0
2968 0
2969 0
2970 0
2971 0
2972 0
2973 0
2974 0
2975 0
2976 0
2977 0
2978 0
2979 0
2980 0
2981 0
2982 0
2983 0
2984 0
2985 0
2986 0
2987 0
2988 0
2989 0
2990 0
2991 0
2992 0
2993 0
2994 0
2995 0
2996 0
2997 0
2998 0
2999 0
3000 0
3001 0
3002 0
3003 0
3004 0
3005 0
3006 0
3007 0
3008 0
3009 0
3010 0
3011 0
3012 0
3013 0
3014 0
3015 0
3016 0
3017 0
3018 0
3019 0
3020 0
3021 0
3022 0
3023 0
3024 0
3025 0
3026 0
3027 0
3028 0
3029 0
3030 0
3031 0
3032 0
3033 0
3034 0
3035 0
3036 0
3037 0
3038 0
3039 0
3040 0
3041 0
3042 0
3043 0
3044 0
3045 0
3046 0
3047 0
3048 0
3049 0
3050 0
3051 0
3052 0
3053 0
3054 0
3055 0
3056 0
3057 0
3058 0
3059 0
3060 0
3061 0
3062 0
3063 0
3064 0
3065 0
3066 0
3067 0
3068 0
3069 0
3070 0
3071 0
3072 0
3073 0
3074 0
3075 0
3076 0
3077 0
3078 0
3079 0
3080 0
3081 0
3082 0
3083 0
3084 0
3085 0
3086 0
3087 0
3088 0
3089 0
3090 0
3091 0
3092 0
3093 0
3094 0
3095 0
3096 0
3097 0
3098 0
3099 0
3100 0
3101 0
3102 0
3103 0
3104 0
3105 0
3106 0
3107 0
3108 0
3109 0
3110 0
3111 0
3112 0
3113 0
3114 0
3115 0
3116 0
3117 0
3118 0
3119 0
3120 0
3121 0
3122 0
3123 0
3124 0
3125 0
3126 0
3127 0
3128 0
3129 0
3130 0
3131 0
3132 0
3133 0
3134 0
3135 0
3136 0
3137 0
3138 0
3139 0
3140 0
3141 0
3142 0
3143 0
3144 0
3145 0
3146 0
3147 0
3148 0
3149 0
3150 0
3151 0
3152 0
3153 0
3154 0
3155 0
3156 0
3157 0
3158 0
3159 0
3160 0
3161 0
3162 0
3163 0
3164 0
3165 0
3166 0
3167 0
3168 0
3169 0
3170 0
3171 0
3172 0
3173 0
3174 0
3175 0
3176 0
3177 0
3178 0
3179 0
3180 0
3181 0
3182 0
3183 0
3184 0
3185 0
3186 0
3187 0
3188 0
3189 0
3190 0
3191 0
3192 0
3193 0
3194 0
3195 0
3196 0
3197 0
3198 0
3199 0
3200 0
3201 0
3202 0
3203 0
3204 0
3205 0
3206 0
3207 0
3208 0
3209 0
3210 0
3211 0
3212 0
3213 0
3214 0
3215 0
3216 0
3217 0
3218 0
3219 0
3220 0
3221 0
3222 0
3223 0
3224 0
3225 0
3226 0
3227 0
3228 0
3229 0
3230 0
3231 0
3232 0
3233 0
3234 0
3235 0
3236 0
3237 0
3238 0
3239 0
3240 0
3241 0
3242 0
3243 0
3244 0
3245 0
3246 0
3247 0
3248 0
3249 0
3250 0
3251 0
3252 0
3253 0
3254 0
3255 0
3256 0
3257 0
3258 0
3259 0
3260 0
3261 0
3262 0
3263 0
3264 0
3265 0
3266 0
3267 0
3268 0
3269 0
3270 0
3271 0
3272 0
3273 0
3274 0
3275 0
3276 0
3277 0
3278 0
3279 0
3280 0
3281 0
3282 0
3283 0
3284 0
3285 0
3286 0
3287 0
3288 0
3289 0
3290 0
3291 0
3292 0
3293 0
3294 0
3295 0
3296 0
3297 0
3298 0
3299 0
3300 0
3301 0
3302 0
3303 0
3304 0
3305 0
3306 0
3307 0
3308 0
3309 0
3310 0
3311 0
3312 0
3313 0
3314 0
3315 0
3316 0
3317 0
3318 0
3319 0
3320 0
3321 0
3322 0
3323 0
3324 0
3325 0
3326 0
3327 0
3328 0
3329 0
3330 0
3331 0
3332 0
3333 0
3334 0
3335 0
3336 0
3337 0
3338 0
3339 0
3340 0
3341 0
3342 0
3343 0
3344 0
3345 0
3346 0
3347 0
3348 0
3349 0
3350 0
3351 0
3352 0
3353 0
3354 0
3355 0
3356 0
3357 0
3358 0
3359 0
3360 0
3361 0
3362 0
3363 0
3364 0
3365 0
3366 0
3367 0
3368 0
3369 0
3370 0
3371 0
3372 0
3373 0
3374 0
3375 0
3376 0
3377 0
3378 0
3379 0
3380 0
3381 0
3382 0
3383 0
3384 0
3385 0
3386 0
3387 0
3388 0
3389 0
3390 0
3391 0
3392 0
3393 0
3394 0
3395 0
3396 0
3397 0
3398 0
3399 0
3400 0
3401 0
3402 0
3403 0
3404 0
3405 0
3406 0
3407 0
3408 0
3409 0
3410 0
3411 0
3412 0
3413 0
3414 0
3415 0
3416 0
3417 0
3418 0
3419 0
3420 0
3421 0
3422 0
3423 0
3424 0
3425 0
3426 0
3427 0
3428 0
3429 0
3430 0
3431 0
3432 0
3433 0
3434 0
3435 0
3436 0
3437 0
3438 0
3439 0
3440 0
3441 0
3442 0
3443 0
3444 0
3445 0
3446 0
3447 0
3448 0
3449 0
3450 0
3451 0
3452 0
3453 0
3454 0
3455 0
3456 0
3457 0
3458 0
3459 0
3460 0
3461 0
3462 0
3463 0
3464 0
3465 0
3466 0
3467 0
3468 0
3469 0
3470 0
3471 0
3472 0
3473 0
3474 0
3475 0
3476 0
3477 0
3478 0
3479 0
3480 0
3481 0
3482 0
3483 0
3484 0
3485 0
3486 0
3487 0
3488 0
3489 0
3490 0
3491 0
3492 0
3493 0
3494 0
3495 0
3496 0
3497 0
3498 0
3499 0
3500 0
3501 0
3502 0
3503 0
3504 0
3505 0
3506 0
3507 0
3508 0
3509 0
3510 0
3511 0
3512 0
3513 0
3514 0
3515 0
3516 0
3517 0
3518 0
3519 0
3520 0
3521 0
3522 0
3523 0
3524 0
3525 0
3526 0
3527 0
3528 0
3529 0
3530 0
3531 0
3532 0
3533 0
3534 0
3535 0
3536 0
3537 0
3538 0
3539 0
3540 0
3541 0
3542 0
3543 0
3544 0
3545 0
3546 0
3547 0
3548 0
3549 0
3550 0
3551 0
3552 0
3553 0
3554 0
3555 0
3556 0
3557 0
3558 0
3559 0
3560 0
3561 0
3562 0
3563 0
3564 0
3565 0
3566 0
3567 0
3568 0
3569 0
3570 0
3571 0
3572 0
3573 0
3574 0
3575 0
3576 0
3577 0
3578 0
3579 0
3580 0
3581 0
3582 0
3583 0
3584 0
3585 0
3586 0
3587 0
3588 0
3589 0
3590 0
3591 0
3592 0
3593 0
3594 0
3595 0
3596 0
3597 0
3598 0
3599 0
3600 0
3601 0
3602 0
3603 0
3604 0
3605 0
3606 0
3607 0
3608 0
3609 0
3610 0
3611 0
3612 0
3613 0
3614 0
3615 0
3616 0
3617 0
3618 0
3619 0
3620 0
3621 0
3622 0
3623 0
3624 0
3625 0
3626 0
3627 0
3628 0
3629 0
3630 0
3631 0
3632 0
3633 0
3634 0
3635 0
3636 0
3637 0
3638 0
3639 0
3640 0
3641 0
3642 0
3643 0
3644 0
3645 0
3646 0
3647 0
3648 0
3649 0
3650 0
3651 0
3652 0
3653 0
3654 0
3655 0
3656 0
3657 0
3658 0
3659 0
3660 0
3661 0
3662 0
3663 0
3664 0
3665 0
3666 0
3667 0
3668 0
3669 0
3670 0
3671 0
3672 0
3673 0
3674 0
3675 0
3676 0
3677 0
3678 0
3679 0
3680 0
3681 0
3682 0
3683 0
3684 0
3685 0
3686 0
3687 0
3688 0
3689 0
3690 0
3691 0
3692 0
3693 0
3694 0
3695 0
3696 0
3697 0
3698 0
3699 0
3700 0
3701 0
3702 0
3703 0
3704 0
3705 0
3706 0
3707 0
3708 0
3709 0
3710 0
3711 0
3712 0
3713 0
3714 0
3715 0
3716 0
3717 0
3718 0
3719 0
3720 0
3721 0
3722 0
3723 0
3724 0
3725 0
3726 0
3727 0
3728 0
3729 0
3730 0
3731 0
3732 0
3733 0
3734 0
3735 0
3736 0
3737 0
3738 0
3739 0
3740 0
3741 0
3742 0
3743 0
3744 0
3745 0
3746 0
3747 0
3748 0
3749 0
3750 0
3751 0
3752 0
3753 0
3754 0
3755 0
3756 0
3757 0
3758 0
3759 0
3760 0
3761 0
3762 0
3763 0
3764 0
3765 0
3766 0
3767 0
3768 0
3769 0
3770 0
3771 0
3772 0
3773 0
3774 0
3775 0
3776 0
3777 0
3778 0
3779 0
3780 0
3781 0
3782 0
3783 0
3784 0
3785 0
3786 0
3787 0
3788 0
3789 0
3790 0
3791 0
3792 0
3793 0
3794 0
3795 0
3796 0
3797 0
3798 0
3799 0
3800 0
3801 0
3802 0
3803 0
3804 0
3805 0
3806 0
3807 0
3808 0
3809 0
3810 0
3811 0
3812 0
3813 0
3814 0
3815 0
3816 0
3817 0
3818 0
3819 0
3820 0
3821 0
3822 0
3823 0
3824 0
3825 0
3826 0
3827 0
3828 0
3829 0
3830 0
3831 0
3832 0
3833 0
3834 0
3835 0
3836 0
3837 0
3838 0
3839 0
3840 0
3841 0
3842 0
3843 0
3844 0
3845 0
3846 0
3847 0
3848 0
3849 0
3850 0
3851 0
3852 0
3853 0
3854 0
3855 0
3856 0
3857 0
3858 0
3859 0
3860 0
3861 0
3862 0
3863 0
3864 0
3865 0
3866 0
3867 0
3868 0
3869 0
3870 0
3871 0
3872 0
3873 0
3874 0
3875 0
3876 0
3877 0
3878 0
3879 0
3880 0
3881 0
3882 0
3883 0
3884 0
3885 0
3886 0
3887 0
3888 0
3889 0
3890 0
3891 0
3892 0
3893 0
3894 0
3895 0
3896 0
3897 0
3898 0
3899 0
3900 0
3901 0
3902 0
3903 0
3904 0
3905 0
3906 0
3907 0
3908 0
3909 0
3910 0
3911 0
3912 0
3913 0
3914 0
3915 0
3916 0
3917 0
3918 0
3919 0
3920 0
3921 0
3922 0
3923 0
3924 0
3925 0
3926 0
3927 0
3928 0
3929 0
3930 0
3931 0
3932 0
3933 0
3934 0
3935 0
3936 0
3937 0
3938 0
3939 0
3940 0
3941 0
3942 0
3943 0
3944 0
3945 0
3946 0
3947 0
3948 0
3949 0
3950 0
3951 0
3952 0
3953 0
3954 0
3955 0
3956 0
3957 0
3958 0
3959 0
3960 0
3961 0
3962 0
3963 0
3964 0
3965 0
3966 0
3967 0
3968 0
3969 0
3970 0
3971 0
3972 0
3973 0
3974 0
3975 0
3976 0
3977 0
3978 0
3979 0
3980 0
3981 0
3982 0
3983 0
3984 0
3985 0
3986 0
3987 0
3988 0
3989 0
3990 0
3991 0
3992 0
3993 0
3994 0
3995 0
3996 0
3997 0
3998 0
3999 0
4000 0
4001 0
4002 0
4003 0
4004 0
4005 0
4006 0
4007 0
4008 0
4009 0
4010 0
4011 0
4012 0
4013 0
4014 0
4015 0
4016 0
4017 0
4018 0
4019 0
4020 0
4021 0
4022 0
4023 0
4024 0
4025 0
4026 0
4027 0
4028 0
4029 0
4030 0
4031 0
4032 0
4033 0
4034 0
4035 0
4036 0
4037 0
4038 0
4039 0
4040 0
4041 0
4042 0
4043 0
4044 0
4045 0
4046 0
4047 0
4048 0
4049 0
4050 0
4051 0
4052 0
4053 0
4054 0
4055 0
4056 0
4057 0
4058 0
4059 0
4060 0
4061 0
4062 0
4063 0
4064 0
4065 0
4066 0
4067 0
4068 0
4069 0
4070 0
4071 0
4072 0
4073 0
4074 0
4075 0
4076 0
4077 0
4078 0
4079 0
4080 0
4081 0
4082 0
4083 0
4084 0
4085 0
4086 0
4087 0
4088 0
4089 0
4090 0
4091 0
4092 0
4093 0
4094 0
4095 0
4096 0
4097 0
4098 0
4099 0
4100 0
4101 0
4102 0
4103 0
4104 0
4105 0
4106 0
4107 0
4108 0
4109 0
4110 0
4111 0
4112 0
4113 0
4114 0
4115 0
4116 0
4117 0
4118 0
4119 0
4120 0
4121 0
4122 0
4123 0
4124 0
4125 0
4126 0
4127 0
4128 0
4129 0
4130 0
4131 0
4132 0
4133 0
4134 0
4135 0
4136 0
4137 0
4138 0
4139 0
4140 0
4141 0
4142 0
4143 0
4144 0
4145 0
4146 0
4147 0
4148 0
4149 0
4150 0
4151 0
4152 0
4153 0
4154 0
4155 0
4156 0
4157 0
4158 0
4159 0
4160 0
4161 0
4162 0
4163 0
4164 0
4165 0
4166 0
4167 0
4168 0
4169 0
4170 0
4171 0
4172 0
4173 0
4174 0
4175 0
4176 0
4177 0
4178 0
4179 0
4180 0
4181 0
4182 0
4183 0
4184 0
4185 0
4186 0
4187 0
4188 0
4189 0
4190 0
4191 0
4192 0
4193 0
4194 0
4195 0
4196 0
4197 0
4198 0
4199 0
4200 0
4201 0
4202 0
4203 0
4204 0
4205 0
4206 0
4207 0
4208 0
4209 0
4210 0
4211 0
4212 0
4213 0
4214 0
4215 0
4216 0
4217 0
4218 0
4219 0
4220 0
4221 0
4222 0
4223 0
4224 0
4225 0
4226 0
4227 0
4228 0
4229 0
4230 0
4231 0
4232 0
4233 0
4234 0
4235 0
4236 0
4237 0
4238 0
4239 0
4240 0
4241 0
4242 0
4243 0
4244 0
4245 0
4246 0
4247 0
4248 0
4249 0
4250 0
4251 0
4252 0
4253 0
4254 0
4255 0
4256 0
4257 0
4258 0
4259 0
4260 0
4261 0
4262 0
4263 0
4264 0
4265 0
4266 0
4267 0
4268 0
4269 0
4270 0
4271 0
4272 0
4273 0
4274 0
4275 0
4276 0
4277 0
4278 0
4279 0
4280 0
4281 0
4282 0
4283 0
4284 0
4285 0
4286 0
4287 0
4288 0
4289 0
4290 0
4291 0
4292 0
4293 0
4294 0
4295 0
4296 0
4297 0
4298 0
4299 0
4300 0
4301 0
4302 0
4303 0
4304 0
4305 0
4306 0
4307 0
4308 0
4309 0
4310 0
4311 0
4312 0
4313 0
4314 0
4315 0
4316 0
4317 0
4318 0
4319 0
4320 0
4321 0
4322 0
4323 0
4324 0
4325 0
4326 0
4327 0
4328 0
4329 0
4330 0
4331 0
4332 0
4333 0
4334 0
4335 0
4336 0
4337 0
4338 0
4339 0
4340 0
4341 0
4342 0
4343 0
4344 0
4345 0
4346 0
4347 0
4348 0
4349 0
4350 0
4351 0
4352 0
4353 0
4354 0
4355 0
4356 0
4357 0
4358 0
4359 0
4360 0
4361 0
4362 0
4363 0
4364 0
4365 0
4366 0
4367 0
4368 0
4369 0
4370 0
4371 0
4372 0
4373 0
4374 0
4375 0
4376 0
4377 0
4378 0
4379 0
4380 0
4381 0
4382 0
4383 0
4384 0
4385 0
4386 0
4387 0
4388 0
4389 0
4390 0
4391 0
4392 0
4393 0
4394 0
4395 0
4396 0
4397 0
4398 0
4399 0
4400 0
4401 0
4402 0
4403 0
4404 0
4405 0
4406 0
4407 0
4408 0
4409 0
4410 0
4411 0
4412 0
4413 0
4414 0
4415 0
4416 0
4417 0
4418 0
4419 0
4420 0
4421 0
4422 0
4423 0
4424 0
4425 0
4426 0
4427 0
4428 0
4429 0
4430 0
4431 0
4432 0
4433 0
4434 0
4435 0
4436 0
4437 0
4438 0
4439 0
4440 0
4441 0
4442 0
4443 0
4444 0
4445 0
4446 0
4447 0
4448 0
4449 0
4450 0
4451 0
4452 0
4453 0
4454 0
4455 0
4456 0
4457 0
4458 0
4459 0
4460 0
4461 0
4462 0
4463 0
4464 0
4465 0
4466 0
4467 0
4468 0
4469 0
4470 0
4471 0
4472 0
4473 0
4474 0
4475 0
4476 0
4477 0
4478 0
4479 0
4480 0
4481 0
4482 0
4483 0
4484 0
4485 0
4486 0
4487 0
4488 0
4489 0
4490 0
4491 0
4492 0
4493 0
4494 0
4495 0
4496 0
4497 0
4498 0
4499 0
4500 0
4501 0
4502 0
4503 0
4504 0
4505 0
4506 0
4507 0
4508 0
4509 0
4510 0
4511 0
4512 0
4513 0
4514 0
4515 0
4516 0
4517 0
4518 0
4519 0
4520 0
4521 0
4522 0
4523 0
4524 0
4525 0
4526 0
4527 0
4528 0
4529 0
4530 0
4531 0
4532 0
4533 0
4534 0
4535 0
4536 0
4537 0
4538 0
4539 0
4540 0
4541 0
4542 0
4543 0
4544 0
4545 0
4546 0
4547 0
4548 0
4549 0
4550 0
4551 0
4552 0
4553 0
4554 0
4555 0
4556 0
4557 0
4558 0
4559 0
4560 0
4561 0
4562 0
4563 0
4564 0
4565 0
4566 0
4567 0
4568 0
4569 0
4570 0
4571 0
4572 0
4573 0
4574 0
4575 0
4576 0
4577 0
4578 0
4579 0
4580 0
4581 0
4582 0
4583 0
4584 0
4585 0
4586 0
4587 0
4588 0
4589 0
4590 0
4591 0
4592 0
4593 0
4594 0
4595 0
4596 0
4597 0
4598 0
4599 0
4600 0
4601 0
4602 0
4603 0
4604 0
4605 0
4606 0
4607 0
4608 0
4609 0
4610 0
4611 0
4612 0
4613 0
4614 0
4615 0
4616 0
4617 0
4618 0
4619 0
4620 0
4621 0
4622 0
4623 0
4624 0
4625 0
4626 0
4627 0
4628 0
4629 0
4630 0
4631 0
4632 0
4633 0
4634 0
4635 0
4636 0
4637 0
4638 0
4639 0
4640 0
4641 0
4642 0
4643 0
4644 0
4645 0
4646 0
4647 0
4648 0
4649 0
4650 0
4651 0
4652 0
4653 0
4654 0
4655 0
4656 0
4657 0
4658 0
4659 0
4660 0
4661 0
4662 0
4663 0
4664 0
4665 0
4666 0
4667 0
4668 0
4669 0
4670 0
4671 0
4672 0
4673 0
4674 0
4675 0
4676 0
4677 0
4678 0
4679 0
4680 0
4681 0
4682 0
4683 0
4684 0
4685 0
4686 0
4687 0
4688 0
4689 0
4690 0
4691 0
4692 0
4693 0
4694 0
4695 0
4696 0
4697 0
4698 0
4699 0
4700 0
4701 0
4702 0
4703 0
4704 0
4705 0
4706 0
4707 0
4708 0
4709 0
4710 0
4711 0
4712 0
4713 0
4714 0
4715 0
4716 0
4717 0
4718 0
4719 0
4720 0
4721 0
4722 0
4723 0
4724 0
4725 0
4726 0
4727 0
4728 0
4729 0
4730 0
4731 0
4732 0
4733 0
4734 0
4735 0
4736 0
4737 0
4738 0
4739 0
4740 0
4741 0
4742 0
4743 0
4744 0
4745 0
4746 0
4747 0
4748 0
4749 0
4750 0
4751 0
4752 0
4753 0
4754 0
4755 0
4756 0
4757 0
4758 0
4759 0
4760 0
4761 0
4762 0
4763 0
4764 0
4765 0
4766 0
4767 0
4768 0
4769 0
4770 0
4771 0
4772 0
4773 0
4774 0
4775 0
4776 0
4777 0
4778 0
4779 0
4780 0
4781 0
4782 0
4783 0
4784 0
4785 0
4786 0
4787 0
4788 0
4789 0
4790 0
4791 0
4792 0
4793 0
4794 0
4795 0
4796 0
4797 0
4798 0
4799 0
4800 0
4801 0
4802 0
4803 0
4804 0
4805 0
4806 0
4807 0
4808 0
4809 0
4810 0
4811 0
4812 0
4813 0
4814 0
4815 0
4816 0
4817 0
4818 0
4819 0
4820 0
4821 0
4822 0
4823 0
4824 0
4825 0
4826 0
4827 0
4828 0
4829 0
4830 0
4831 0
4832 0
4833 0
4834 0
4835 0
4836 0
4837 0
4838 0
4839 0
4840 0
4841 0
4842 0
4843 0
4844 0
4845 0
4846 0
4847 0
4848 0
4849 0
4850 0
4851 0
4852 0
4853 0
4854 0
4855 0
4856 0
4857 0
4858 0
4859 0
4860 0
4861 0
4862 0
4863 0
4864 0
4865 0
4866 0
4867 0
4868 0
4869 0
4870 0
4871 0
4872 0
4873 0
4874 0
4875 0
4876 0
4877 0
4878 0
4879 0
4880 0
4881 0
4882 0
4883 0
4884 0
4885 0
4886 0
4887 0
4888 0
4889 0
4890 0
4891 0
4892 0
4893 0
4894 0
4895 0
4896 0
4897 0
4898 0
4899 0
4900 0
4901 0
4902 0
4903 0
4904 0
4905 0
4906 0
4907 0
4908 0
4909 0
4910 0
4911 0
4912 0
4913 0
4914 0
4915 0
4916 0
4917 0
4918 0
4919 0
4920 0
4921 0
4922 0
4923 0
4924 0
4925 0
4926 0
4927 0
4928 0
4929 0
4930 0
4931 0
4932 0
4933 0
4934 0
4935 0
4936 0
4937 0
4938 0
4939 0
4940 0
4941 0
4942 0
4943 0
4944 0
4945 0
4946 0
4947 0
4948 0
4949 0
4950 0
4951 0
4952 0
4953 0
4954 0
4955 0
4956 0
4957 0
4958 0
4959 0
4960 0
4961 0
4962 0
4963 0
4964 0
4965 0
4966 0
4967 0
4968 0
4969 0
4970 0
4971 0
4972 0
4973 0
4974 0
4975 0
4976 0
4977 0
4978 0
4979 0
4980 0
4981 0
4982 0
4983 0
4984 0
4985 0
4986 0
4987 0
4988 0
4989 0
4990 0
4991 0
4992 0
4993 0
4994 0
4995 0
4996 0
4997 0
4998 0
4999 0
5000 0
5001 0
5002 0
5003 0
5004 0
5005 0
5006 0
5007 0
5008 0
5009 0
5010 0
5011 0
5012 0
5013 0
5014 0
5015 0
5016 0
5017 0
5018 0
5019 0
5020 0
5021 0
5022 0
5023 0
5024 0
5025 0
5026 0
5027 0
5028 0
5029 0
5030 0
5031 0
5032 0
5033 0
5034 0
5035 0
5036 0
5037 0
5038 0
5039 0
5040 0
5041 0
5042 0
5043 0
5044 0
5045 0
5046 0
5047 0
5048 0
5049 0
5050 0
5051 0
5052 0
5053 0
5054 0
5055 0
5056 0
5057 0
5058 0
5059 0
5060 0
5061 0
5062 0
5063 0
5064 0
5065 0
5066 0
5067 0
5068 0
5069 0
5070 0
5071 0
5072 0
5073 0
5074 0
5075 0
5076 0
5077 0
5078 0
5079 0
5080 0
5081 0
5082 0
5083 0
5084 0
5085 0
5086 0
5087 0
5088 0
5089 0
5090 0
5091 0
5092 0
5093 0
5094 0
5095 0
5096 0
5097 0
5098 0
5099 0
5100 0
5101 0
5102 0
5103 0
5104 0
5105 0
5106 0
5107 0
5108 0
5109 0
5110 0
5111 0
5112 0
5113 0
5114 0
5115 0
5116 0
5117 0
5118 0
5119 0
5120 0
5121 0
5122 0
5123 0
5124 0
5125 0
5126 0
5127 0
5128 0
5129 0
5130 0
5131 0
5132 0
5133 0
5134 0
5135 0
5136 0
5137 0
5138 0
5139 0
5140 0
5141 0
5142 0
5143 0
5144 0
5145 0
5146 0
5147 0
5148 0
5149 0
5150 0
5151 0
5152 0
5153 0
5154 0
5155 0
5156 0
5157 0
5158 0
5159 0
5160 0
5161 0
5162 0
5163 0
5164 0
5165 0
5166 0
5167 0
5168 0
5169 0
5170 0
5171 0
5172 0
5173 0
5174 0
5175 0
5176 0
5177 0
5178 0
5179 0
5180 0
5181 0
5182 0
5183 0
5184 0
5185 0
5186 0
5187 0
5188 0
5189 0
5190 0
5191 0
5192 0
5193 0
5194 0
5195 0
5196 0
5197 0
5198 0
5199 0
5200 0
5201 0
5202 0
5203 0
5204 0
5205 0
5206 0
5207 0
5208 0
5209 0
5210 0
5211 0
5212 0
5213 0
5214 0
5215 0
5216 0
5217 0
5218 0
5219 0
5220 0
5221 0
5222 0
5223 0
5224 0
5225 0
5226 0
5227 0
5228 0
5229 0
5230 0
5231 0
5232 0
5233 0
5234 0
5235 0
5236 0
5237 0
5238 0
5239 0
5240 0
5241 0
5242 0
5243 0
5244 0
5245 0
5246 0
5247 0
5248 0
5249 0
5250 0
5251 0
5252 0
5253 0
5254 0
5255 0
5256 0
5257 0
5258 0
5259 0
5260 0
5261 0
5262 0
5263 0
5264 0
5265 0
5266 0
5267 0
5268 0
5269 0
5270 0
5271 0
5272 0
5273 0
5274 0
5275 0
5276 0
5277 0
5278 0
5279 0
5280 0
5281 0
5282 0
5283 0
5284 0
5285 0
5286 0
5287 0
5288 0
5289 0
5290 0
5291 0
5292 0
5293 0
5294 0
5295 0
5296 0
5297 0
5298 0
5299 0
5300 0
5301 0
5302 0
5303 0
5304 0
5305 0
5306 0
5307 0
5308 0
5309 0
5310 0
5311 0
5312 0
5313 0
5314 0
5315 0
5316 0
5317 0
5318 0
5319 0
5320 0
5321 0
5322 0
5323 0
5324 0
5325 0
5326 0
5327 0
5328 0
5329 0
5330 0
5331 0
5332 0
5333 0
5334 0
5335 0
5336 0
5337 0
5338 0
5339 0
5340 0
5341 0
5342 0
5343 0
5344 0
5345 0
5346 0
5347 0
5348 0
5349 0
5350 0
5351 0
5352 0
5353 0
5354 0
5355 0
5356 0
5357 0
5358 0
5359 0
5360 0
5361 0
5362 0
5363 0
5364 0
5365 0
5366 0
5367 0
5368 0
5369 0
5370 0
5371 0
5372 0
5373 0
5374 0
5375 0
5376 0
5377 0
5378 0
5379 0
5380 0
5381 0
5382 0
5383 0
5384 0
5385 0
5386 0
5387 0
5388 0
5389 0
5390 0
5391 0
5392 0
5393 0
5394 0
5395 0
5396 0
5397 0
5398 0
5399 0
5400 0
5401 0
5402 0
5403 0
5404 0
5405 0
5406 0
5407 0
5408 0
5409 0
5410 0
5411 0
5412 0
5413 0
5414 0
5415 0
5416 0
5417 0
5418 0
5419 0
5420 0
5421 0
5422 0
5423 0
5424 0
5425 0
5426 0
5427 0
5428 0
5429 0
5430 0
5431 0
5432 0
5433 0
5434 0
5435 0
5436 0
5437 0
5438 0
5439 0
5440 0
5441 0
5442 0
5443 0
5444 0
5445 0
5446 0
5447 0
5448 0
5449 0
5450 0
5451 0
5452 0
5453 0
5454 0
5455 0
5456 0
5457 0
5458 0
5459 0
5460 0
5461 0
5462 0
5463 0
5464 0
5465 0
5466 0
5467 0
5468 0
5469 0
5470 0
5471 0
5472 0
5473 0
5474 0
5475 0
5476 0
5477 0
5478 0
5479 0
5480 0
5481 0
5482 0
5483 0
5484 0
5485 0
5486 0
5487 0
5488 0
5489 0
5490 0
5491 0
5492 0
5493 0
5494 0
5495 0
5496 0
5497 0
5498 0
5499 0
5500 0
5501 0
5502 0
5503 0
5504 0
5505 0
5506 0
5507 0
5508 0
5509 0
5510 0
5511 0
5512 0
5513 0
5514 0
5515 0
5516 0
5517 0
5518 0
5519 0
5520 0
5521 0
5522 0
5523 0
5524 0
5525 0
5526 0
5527 0
5528 0
5529 0
5530 0
5531 0
5532 0
5533 0
5534 0
5535 0
5536 0
5537 0
5538 0
5539 0
5540 0
5541 0
5542 0
5543 0
5544 0
5545 0
5546 0
5547 0
5548 0
5549 0
5550 0
5551 0
5552 0
5553 0
5554 0
5555 0
5556 0
5557 0
5558 0
5559 0
5560 0
5561 0
5562 0
5563 0
5564 0
5565 0
5566 0
5567 0
5568 0
5569 0
5570 0
5571 0
5572 0
5573 0
5574 0
5575 0
5576 0
5577 0
5578 0
5579 0
5580 0
5581 0
5582 0
5583 0
5584 0
5585 0
5586 0
5587 0
5588 0
5589 0
5590 0
5591 0
5592 0
5593 0
5594 0
5595 0
5596 0
5597 0
5598 0
5599 0
5600 0
5601 0
5602 0
5603 0
5604 0
5605 0
5606 0
5607 0
5608 0
5609 0
5610 0
5611 0
5612 0
5613 0
5614 0
5615 0
5616 0
5617 0
5618 0
5619 0
5620 0
5621 0
5622 0
5623 0
5624 0
5625 0
5626 0
5627 0
5628 0
5629 0
5630 0
5631 0
5632 0
5633 0
5634 0
5635 0
5636 0
5637 0
5638 0
5639 0
5640 0
5641 0
5642 0
5643 0
5644 0
5645 0
5646 0
5647 0
5648 0
5649 0
5650 0
5651 0
5652 0
5653 0
5654 0
5655 0
5656 0
5657 0
5658 0
5659 0
5660 0
5661 0
5662 0
5663 0
5664 0
5665 0
5666 0
5667 0
5668 0
5669 0
5670 0
5671 0
5672 0
5673 0
5674 0
5675 0
5676 0
5677 0
5678 0
5679 0
5680 0
5681 0
5682 0
5683 0
5684 0
5685 0
5686 0
5687 0
5688 0
5689 0
5690 0
5691 0
5692 0
5693 0
5694 0
5695 0
5696 0
5697 0
5698 0
5699 0
5700 0
5701 0
5702 0
5703 0
5704 0
5705 0
5706 0
5707 0
5708 0
5709 0
5710 0
5711 0
5712 0
5713 0
5714 0
5715 0
5716 0
5717 0
5718 0
5719 0
5720 0
5721 0
5722 0
5723 0
5724 0
5725 0
5726 0
5727 0
5728 0
5729 0
5730 0
5731 0
5732 0
5733 0
5734 0
5735 0
5736 0
5737 0
5738 0
5739 0
5740 0
5741 0
5742 0
5743 0
5744 0
5745 0
5746 0
5747 0
5748 0
5749 0
5750 0
5751 0
5752 0
5753 0
5754 0
5755 0
5756 0
5757 0
5758 0
5759 0
5760 0
5761 0
5762 0
5763 0
5764 0
5765 0
5766 0
5767 0
5768 0
5769 0
5770 0
5771 0
5772 0
5773 0
5774 0
5775 0
5776 0
5777 0
5778 0
5779 0
5780 0
5781 0
5782 0
5783 0
5784 0
5785 0
5786 0
5787 0
5788 0
5789 0
5790 0
5791 0
5792 0
5793 0
5794 0
5795 0
5796 0
5797 0
5798 0
5799 0
5800 0
5801 0
5802 0
5803 0
5804 0
5805 0
5806 0
5807 0
5808 0
5809 0
5810 0
5811 0
5812 0
5813 0
5814 0
5815 0
5816 0
5817 0
5818 0
5819 0
5820 0
5821 0
5822 0
5823 0
5824 0
5825 0
5826 0
5827 0
5828 0
5829 0
5830 0
5831 0
5832 0
5833 0
5834 0
5835 0
5836 0
5837 0
5838 0
5839 0
5840 0
5841 0
5842 0
5843 0
5844 0
5845 0
5846 0
5847 0
5848 0
5849 0
5850 0
5851 0
5852 0
5853 0
5854 0
5855 0
5856 0
5857 0
5858 0
5859 0
5860 0
5861 0
5862 0
5863 0
5864 0
5865 0
5866 0
5867 0
5868 0
5869 0
5870 0
5871 0
5872 0
5873 0
5874 0
5875 0
5876 0
5877 0
5878 0
5879 0
5880 0
5881 0
5882 0
5883 0
5884 0
5885 0
5886 0
5887 0
5888 0
5889 0
5890 0
5891 0
5892 0
5893 0
5894 0
5895 0
5896 0
5897 0
5898 0
5899 0
5900 0
5901 0
5902 0
5903 0
5904 0
5905 0
5906 0
5907 0
5908 0
5909 0
5910 0
5911 0
5912 0
5913 0
5914 0
5915 0
5916 0
5917 0
5918 0
5919 0
5920 0
5921 0
5922 0
5923 0
5924 0
5925 0
5926 0
5927 0
5928 0
5929 0
5930 0
5931 0
5932 0
5933 0
5934 0
5935 0
5936 0
5937 0
5938 0
5939 0
5940 0
5941 0
5942 0
5943 0
5944 0
5945 0
5946 0
5947 0
5948 0
5949 0
5950 0
5951 0
5952 0
5953 0
5954 0
5955 0
5956 0
5957 0
5958 0
5959 0
5960 0
5961 0
5962 0
5963 0
5964 0
5965 0
5966 0
5967 0
5968 0
5969 0
5970 0
5971 0
5972 0
5973 0
5974 0
5975 0
5976 0
5977 0
5978 0
5979 0
5980 0
5981 0
5982 0
5983 0
5984 0
5985 0
5986 0
5987 0
5988 0
5989 0
5990 0
5991 0
5992 0
5993 0
5994 0
5995 0
5996 0
5997 0
5998 0
5999 0
6000 0
6001 0
6002 0
6003 0
6004 0
6005 0
6006 0
6007 0
6008 0
6009 0
6010 0
6011 0
6012 0
6013 0
6014 0
6015 0
6016 0
6017 0
6018 0
6019 0
6020 0
6021 0
6022 0
6023 0
6024 0
6025 0
6026 0
6027 0
6028 0
6029 0
6030 0
6031 0
6032 0
6033 0
6034 0
6035 0
6036 0
6037 0
6038 0
6039 0
6040 0
6041 0
6042 0
6043 0
6044 0
6045 0
6046 0
6047 0
6048 0
6049 0
6050 0
6051 0
6052 0
6053 0
6054 0
6055 0
6056 0
6057 0
6058 0
6059 0
6060 0
6061 0
6062 0
6063 0
6064 0
6065 0
6066 0
6067 0
6068 0
6069 0
6070 0
6071 0
6072 0
6073 0
6074 0
6075 0
6076 0
6077 0
6078 0
6079 0
6080 0
6081 0
6082 0
6083 0
6084 0
6085 0
6086 0
6087 0
6088 0
6089 0
6090 0
6091 0
6092 0
6093 0
6094 0
6095 0
6096 0
6097 0
6098 0
6099 0
6100 0
6101 0
6102 0
6103 0
6104 0
6105 0
6106 0
6107 0
6108 0
6109 0
6110 0
6111 0
6112 0
6113 0
6114 0
6115 0
6116 0
6117 0
6118 0
6119 0
6120 0
6121 0
6122 0
6123 0
6124 0
6125 0
6126 0
6127 0
6128 0
6129 0
6130 0
6131 0
6132 0
6133 0
6134 0
6135 0
6136 0
6137 0
6138 0
6139 0
6140 0
6141 0
6142 0
6143 0
6144 0
6145 0
6146 0
6147 0
6148 0
6149 0
6150 0
6151 0
6152 0
6153 0
6154 0
6155 0
6156 0
6157 0
6158 0
6159 0
6160 0
6161 0
6162 0
6163 0
6164 0
6165 0
6166 0
6167 0
6168 0
6169 0
6170 0
6171 0
6172 0
6173 0
6174 0
6175 0
6176 0
6177 0
6178 0
6179 0
6180 0
6181 0
6182 0
6183 0
6184 0
6185 0
6186 0
6187 0
6188 0
6189 0
6190 0
6191 0
6192 0
6193 0
6194 0
6195 0
6196 0
6197 0
6198 0
6199 0
6200 0
6201 0
6202 0
6203 0
6204 0
6205 0
6206 0
6207 0
6208 0
6209 0
6210 0
6211 0
6212 0
6213 0
6214 0
6215 0
6216 0
6217 0
6218 0
6219 0
6220 0
6221 0
6222 0
6223 0
6224 0
6225 0
6226 0
6227 0
6228 0
6229 0
6230 0
6231 0
6232 0
6233 0
6234 0
6235 0
6236 0
6237 0
6238 0
6239 0
6240 0
6241 0
6242 0
6243 0
6244 0
6245 0
6246 0
6247 0
6248 0
6249 0
6250 0
6251 0
6252 0
6253 0
6254 0
6255 0
6256 0
6257 0
6258 0
6259 0
6260 0
6261 0
6262 0
6263 0
6264 0
6265 0
6266 0
6267 0
6268 0
6269 0
6270 0
6271 0
6272 0
6273 0
6274 0
6275 0
6276 0
6277 0
6278 0
6279 0
6280 0
6281 0
6282 0
6283 0
6284 0
6285 0
6286 0
6287 0
6288 0
6289 0
6290 0
6291 0
6292 0
6293 0
6294 0
6295 0
6296 0
6297 0
6298 0
6299 0
6300 0
6301 0
6302 0
6303 0
6304 0
6305 0
6306 0
6307 0
6308 0
6309 0
6310 0
6311 0
6312 0
6313 0
6314 0
6315 0
6316 0
6317 0
6318 0
6319 0
6320 0
6321 0
6322 0
6323 0
6324 0
6325 0
6326 0
6327 0
6328 0
6329 0
6330 0
6331 0
6332 0
6333 0
6334 0
6335 0
6336 0
6337 0
6338 0
6339 0
6340 0
6341 0
6342 0
6343 0
6344 0
6345 0
6346 0
6347 0
6348 0
6349 0
6350 0
6351 0
6352 0
6353 0
6354 0
6355 0
6356 0
6357 0
6358 0
6359 0
6360 0
6361 0
6362 0
6363 0
6364 0
6365 0
6366 0
6367 0
6368 0
6369 0
6370 0
6371 0
6372 0
6373 0
6374 0
6375 0
6376 0
6377 0
6378 0
6379 0
6380 0
6381 0
6382 0
6383 0
6384 0
6385 0
6386 0
6387 0
6388 0
6389 0
6390 0
6391 0
6392 0
6393 0
6394 0
6395 0
6396 0
6397 0
6398 0
6399 0
6400 0
6401 0
6402 0
6403 0
6404 0
6405 0
6406 0
6407 0
6408 0
6409 0
6410 0
6411 0
6412 0
6413 0
6414 0
6415 0
6416 0
6417 0
6418 0
6419 0
6420 0
6421 0
6422 0
6423 0
6424 0
6425 0
6426 0
6427 0
6428 0
6429 0
6430 0
6431 0
6432 0
6433 0
6434 0
6435 0
6436 0
6437 0
6438 0
6439 0
6440 0
6441 0
6442 0
6443 0
6444 0
6445 0
6446 0
6447 0
6448 0
6449 0
6450 0
6451 0
6452 0
6453 0
6454 0
6455 0
6456 0
6457 0
6458 0
6459 0
6460 0
6461 0
6462 0
6463 0
6464 0
6465 0
6466 0
6467 0
6468 0
6469 0
6470 0
6471 0
6472 0
6473 0
6474 0
6475 0
6476 0
6477 0
6478 0
6479 0
6480 0
6481 0
6482 0
6483 0
6484 0
6485 0
6486 0
6487 0
6488 0
6489 0
6490 0
6491 0
6492 0
6493 0
6494 0
6495 0
6496 0
6497 0
6498 0
6499 0
6500 0
6501 0
6502 0
6503 0
6504 0
6505 0
6506 0
6507 0
6508 0
6509 0
6510 0
6511 0
6512 0
6513 0
6514 0
6515 0
6516 0
6517 0
6518 0
6519 0
6520 0
6521 0
6522 0
6523 0
6524 0
6525 0
6526 0
6527 0
6528 0
6529 0
6530 0
6531 0
6532 0
6533 0
6534 0
6535 0
6536 0
6537 0
6538 0
6539 0
6540 0
6541 0
6542 0
6543 0
6544 0
6545 0
6546 0
6547 0
6548 0
6549 0
6550 0
6551 0
6552 0
6553 0
6554 0
6555 0
6556 0
6557 0
6558 0
6559 0
6560 0
6561 0
6562 0
6563 0
6564 0
6565 0
6566 0
6567 0
6568 0
6569 0
6570 0
6571 0
6572 0
6573 0
6574 0
6575 0
6576 0
6577 0
6578 0
6579 0
6580 0
6581 0
6582 0
6583 0
6584 0
6585 0
6586 0
6587 0
6588 0
6589 0
6590 0
6591 0
6592 0
6593 0
6594 0
6595 0
6596 0
6597 0
6598 0
6599 0
6600 0
6601 0
6602 0
6603 0
6604 0
6605 0
6606 0
6607 0
6608 0
6609 0
6610 0
6611 0
6612 0
6613 0
6614 0
6615 0
6616 0
6617 0
6618 0
6619 0
6620 0
6621 0
6622 0
6623 0
6624 0
6625 0
6626 0
6627 0
6628 0
6629 0
6630 0
6631 0
6632 0
6633 0
6634 0
6635 0
6636 0
6637 0
6638 0
6639 0
6640 0
6641 0
6642 0
6643 0
6644 0
6645 0
6646 0
6647 0
6648 0
6649 0
6650 0
6651 0
6652 0
6653 0
6654 0
6655 0
6656 0
6657 0
6658 0
6659 0
6660 0
6661 0
6662 0
6663 0
6664 0
6665 0
6666 0
6667 0
6668 0
6669 0
6670 0
6671 0
6672 0
6673 0
6674 0
6675 0
6676 0
6677 0
6678 0
6679 0
6680 0
6681 0
6682 0
6683 0
6684 0
6685 0
6686 0
6687 0
6688 0
6689 0
6690 0
6691 0
6692 0
6693 0
6694 0
6695 0
6696 0
6697 0
6698 0
6699 0
6700 0
6701 0
6702 0
6703 0
6704 0
6705 0
6706 0
6707 0
6708 0
6709 0
6710 0
6711 0
6712 0
6713 0
6714 0
6715 0
6716 0
6717 0
6718 0
6719 0
6720 0
6721 0
6722 0
6723 0
6724 0
6725 0
6726 0
6727 0
6728 0
6729 0
6730 0
6731 0
6732 0
6733 0
6734 0
6735 0
6736 0
6737 0
6738 0
6739 0
6740 0
6741 0
6742 0
6743 0
6744 0
6745 0
6746 0
6747 0
6748 0
6749 0
6750 0
6751 0
6752 0
6753 0
6754 0
6755 0
6756 0
6757 0
6758 0
6759 0
6760 0
6761 0
6762 0
6763 0
6764 0
6765 0
6766 0
6767 0
6768 0
6769 0
6770 0
6771 0
6772 0
6773 0
6774 0
6775 0
6776 0
6777 0
6778 0
6779 0
6780 0
6781 0
6782 0
6783 0
6784 0
6785 0
6786 0
6787 0
6788 0
6789 0
6790 0
6791 0
6792 0
6793 0
6794 0
6795 0
6796 0
6797 0
6798 0
6799 0
6800 0
6801 0
6802 0
6803 0
6804 0
6805 0
6806 0
6807 0
6808 0
6809 0
6810 0
6811 0
6812 0
6813 0
6814 0
6815 0
6816 0
6817 0
6818 0
6819 0
6820 0
6821 0
6822 0
6823 0
6824 0
6825 0
6826 0
6827 0
6828 0
6829 0
6830 0
6831 0
6832 0
6833 0
6834 0
6835 0
6836 0
6837 0
6838 0
6839 0
6840 0
6841 0
6842 0
6843 0
6844 0
6845 0
6846 0
6847 0
6848 0
6849 0
6850 0
6851 0
6852 0
6853 0
6854 0
6855 0
6856 0
6857 0
6858 0
6859 0
6860 0
6861 0
6862 0
6863 0
6864 0
6865 0
6866 0
6867 0
6868 0
6869 0
6870 0
6871 0
6872 0
6873 0
6874 0
6875 0
6876 0
6877 0
6878 0
6879 0
6880 0
6881 0
6882 0
6883 0
6884 0
6885 0
6886 0
6887 0
6888 0
6889 0
6890 0
6891 0
6892 0
6893 0
6894 0
6895 0
6896 0
6897 0
6898 0
6899 0
6900 0
6901 0
6902 0
6903 0
6904 0
6905 0
6906 0
6907 0
6908 0
6909 0
6910 0
6911 0
6912 0
6913 0
6914 0
6915 0
6916 0
6917 0
6918 0
6919 0
6920 0
6921 0
6922 0
6923 0
6924 0
6925 0
6926 0
6927 0
6928 0
6929 0
6930 0
6931 0
6932 0
6933 0
6934 0
6935 0
6936 0
6937 0
6938 0
6939 0
6940 0
6941 0
6942 0
6943 0
6944 0
6945 0
6946 0
6947 0
6948 0
6949 0
6950 0
6951 0
6952 0
6953 0
6954 0
6955 0
6956 0
6957 0
6958 0
6959 0
6960 0
6961 0
6962 0
6963 0
6964 0
6965 0
6966 0
6967 0
6968 0
6969 0
6970 0
6971 0
6972 0
6973 0
6974 0
6975 0
6976 0
6977 0
6978 0
6979 0
6980 0
6981 0
6982 0
6983 0
6984 0
6985 0
6986 0
6987 0
6988 0
6989 0
6990 0
6991 0
6992 0
6993 0
6994 0
6995 0
6996 0
6997 0
6998 0
6999 0
7000 1
7001 1
7002 2
7003 2
7004 3
7005 3
7006 4
7007 4
7008 5
7009 5
7010 6
7011 6
7012 7
7013 7
7014 8
7015 8
7016 9
7017 9
7018 10
7019 10
7020 11
7021 11
7022 12
7023 12
7024 13
7025 13
7026 14
7027 14
7028 15
7029 15
7030 16
7031 16
7032 17
7033 17
7034 18
7035 18
7036 19
7037 19
7038 20
7039 20
7040 21
7041 21
7042 22
7043 22
7044 23
7045 23
7046 24
7047 24
7048 25
7049 25
7050 26
7051 26
7052 27
7053 27
7054 28
7055 28
7056 29
7057 29
7058 30
7059 30
7060 31
7061 31
7062 32
7063 32
7064 33
7065 33
7066 34
7067 34
7068 35
7069 35
7070 36
7071 36
7072 37
7073 37
7074 38
7075 38
7076 39
7077 39
7078 40
7079 40
7080 41
7081 41
7082 42
7083 42
7084 43
7085 43
7086 44
7087 44
7088 45
7089 45
7090 46
7091 46
7092 47
7093 47
7094 48
7095 48
7096 49
7097 49
7098 50
7099 50
7100 51
7101 51
7102 52
7103 52
7104 53
7105 53
7106 54
7107 54
7108 55
7109 55
7110 56
7111 56
7112 57
7113 57
7114 58
7115 58
7116 59
7117 59
7118 60
7119 60
7120 61
7121 61
7122 62
7123 62
7124 63
7125 63
7126 64
7127 64
7128 65
7129 65
7130 66
7131 66
7132 67
7133 67
7134 68
7135 68
7136 69
7137 69
7138 70
7139 70
7140 71
7141 71
7142 72
7143 72
7144 73
7145 73
7146 74
7147 74
7148 75
7149 75
7150 76
7151 76
7152 77
7153 77
7154 78
7155 78
7156 79
7157 79
7158 80
7159 80
7160 81
7161 81
7162 82
7163 82
7164 83
7165 83
7166 84
7167 84
7168 85
7169 85
7170 86
7171 86
7172 87
7173 87
7174 88
7175 88
7176 89
7177 89
7178 90
7179 90
7180 91
7181 91
7182 92
7183 92
7184 93
7185 93
7186 94
7187 94
7188 95
7189 95
7190 96
7191 96
7192 97
7193 97
7194 98
7195 98
7196 99
7197 99
7198 100
7199 100
7200 101
7201 101
7202 102
7203 102
7204 103
7205 103
7206 104
7207 104
7208 105
7209 105
7210 106
7211 106
7212 107
7213 107
7214 108
7215 108
7216 109
7217 109
7218 110
7219 110
7220 111
7221 111
7222 112
7223 112
7224 113
7225 113
7226 114
7227 114
7228 115
7229 115
7230 116
7231 116
7232 117
7233 117
7234 118
7235 118
7236 119
7237 119
7238 120
7239 120
7240 121
7241 121
7242 122
7243 122
7244 123
7245 123
7246 124
7247 124
7248 125
7249 125
7250 126
7251 126
7252 127
7253 127
7254 128
7255 128
7256 129
7257 129
7258 130
7259 130
7260 131
7261 131
7262 132
7263 132
7264 133
7265 133
7266 134
7267 134
7268 135
7269 135
7270 136
7271 136
7272 137
7273 137
7274 138
7275 138
7276 139
7277 139
7278 140
7279 140
7280 141
7281 141
7282 142
7283 142
7284 143
7285 143
7286 144
7287 144
7288 145
7289 145
7290 146
7291 146
7292 147
7293 147
7294 148
7295 148
7296 149
7297 149
7298 150
7299 150
7300 151
7301 151
7302 152
7303 152
7304 153
7305 153
7306 154
7307 154
7308 155
7309 155
7310 156
7311 156
7312 157
7313 157
7314 158
7315 158
7316 159
7317 159
7318 160
7319 160
7320 161
7321 161
7322 162
7323 162
7324 163
7325 163
7326 164
7327 164
7328 165
7329 165
7330 166
7331 166
7332 167
7333 167
7334 168
7335 168
7336 169
7337 169
7338 170
7339 170
7340 171
7341 171
7342 172
7343 172
7344 173
7345 173
7346 174
7347 174
7348 175
7349 175
7350 176
7351 176
7352 177
7353 177
7354 178
7355 178
7356 179
7357 179
7358 180
7359 180
7360 181
7361 181
7362 182
7363 182
7364 183
7365 183
7366 184
7367 184
7368 185
7369 185
7370 186
7371 186
7372 187
7373 187
7374 188
7375 188
7376 189
7377 189
7378 190
7379 190
7380 191
7381 191
7382 192
7383 192
7384 193
7385 193
7386 194
7387 194
7388 195
7389 195
7390 196
7391 196
7392 197
7393 197
7394 198
7395 198
7396 199
7397 199
7398 200
7399 200
7400 201
7401 201
7402 202
7403 202
7404 203
7405 203
7406 204
7407 204
7408 205
7409 205
7410 206
7411 206
7412 207
7413 207
7414 208
7415 208
7416 209
7417 209
7418 210
7419 210
7420 211
7421 211
7422 212
7423 212
7424 213
7425 213
7426 214
7427 214
7428 215
7429 215
7430 216
7431 216
7432 217
7433 217
7434 218
7435 218
7436 219
7437 219
7438 220
7439 220
7440 221
7441 221
7442 222
7443 222
7444 223
7445 223
7446 224
7447 224
7448 225
7449 225
7450 226
7451 226
7452 227
7453 227
7454 228
7455 228
7456 229
7457 229
7458 230
7459 230
7460 231
7461 231
7462 232
7463 232
7464 233
7465 233
7466 234
7467 234
7468 235
7469 235
7470 236
7471 236
7472 237
7473 237
7474 238
7475 238
7476 239
7477 239
7478 240
7479 240
7480 241
7481 241
7482 242
7483 242
7484 243
7485 243
7486 244
7487 244
7488 245
7489 245
7490 246
7491 246
7492 247
7493 247
7494 248
7495 248
7496 249
7497 249
7498 250
7499 250
7500 251
7501 251
7502 252
7503 252
7504 253
7505 253
7506 254
7507 254
7508 255
7509 255
7510 256
7511 256
7512 257
7513 257
7514 258
7515 258
7516 259
7517 259
7518 260
7519 260
7520 261
7521 261
7522 262
7523 262
7524 263
7525 263
7526 264
7527 264
7528 265
7529 265
7530 266
7531 266
7532 267
7533 267
7534 268
7535 268
7536 269
7537 269
7538 270
7539 270
7540 271
7541 271
7542 272
7543 272
7544 273
7545 273
7546 274
7547 274
7548 275
7549 275
7550 276
7551 276
7552 277
7553 277
7554 278
7555 278
7556 279
7557 279
7558 280
7559 280
7560 281
7561 281
7562 282
7563 282
7564 283
7565 283
7566 284
7567 284
7568 285
7569 285
7570 286
7571 286
7572 287
7573 287
7574 288
7575 288
7576 289
7577 289
7578 290
7579 290
7580 291
7581 291
7582 292
7583 292
7584 293
7585 293
7586 294
7587 294
7588 295
7589 295
7590 296
7591 296
7592 297
7593 297
7594 298
7595 298
7596 299
7597 299
7598 300
7599 300
7600 301
7601 301
7602 302
7603 302
7604 303
7605 303
7606 304
7607 304
7608 305
7609 305
7610 306
7611 306
7612 307
7613 307
7614 308
7615 308
7616 309
7617 309
7618 310
7619 310
7620 311
7621 311
7622 312
7623 312
7624 313
7625 313
7626 314
7627 314
7628 315
7629 315
7630 316
7631 316
7632 317
7633 317
7634 318
7635 318
7636 319
7637 319
7638 320
7639 320
7640 321
7641 321
7642 322
7643 322
7644 323
7645 323
7646 324
7647 324
7648 325
7649 325
7650 326
7651 326
7652 327
7653 327
7654 328
7655 328
7656 329
7657 329
7658 330
7659 330
7660 331
7661 331
7662 332
7663 332
7664 333
7665 333
7666 334
7667 334
7668 335
7669 335
7670 336
7671 336
7672 337
7673 337
7674 338
7675 338
7676 339
7677 339
7678 340
7679 340
7680 341
7681 341
7682 342
7683 342
7684 343
7685 343
7686 344
7687 344
7688 345
7689 345
7690 346
7691 346
7692 347
7693 347
7694 348
7695 348
7696 349
7697 349
7698 350
7699 350
7700 351
7701 351
7702 352
7703 352
7704 353
7705 353
7706 354
7707 354
7708 355
7709 355
7710 356
7711 356
7712 357
7713 357
7714 358
7715 358
7716 359
7717 359
7718 360
7719 360
7720 361
7721 361
7722 362
7723 362
7724 363
7725 363
7726 364
7727 364
7728 365
7729 365
7730 366
7731 366
7732 367
7733 367
7734 368
7735 368
7736 369
7737 369
7738 370
7739 370
7740 371
7741 371
7742 372
7743 372
7744 373
7745 373
7746 374
7747 374
7748 375
7749 375
7750 376
7751 376
7752 377
7753 377
7754 378
7755 378
7756 379
7757 379
7758 380
7759 380
7760 381
7761 381
7762 382
7763 382
7764 383
7765 383
7766 384
7767 384
7768 385
7769 385
7770 386
7771 386
7772 387
7773 387
7774 388
7775 388
7776 389
7777 389
7778 390
7779 390
7780 391
7781 391
7782 392
7783 392
7784 393
7785 393
7786 394
7787 394
7788 395
7789 395
7790 396
7791 396
7792 397
7793 397
7794 398
7795 398
7796 399
7797 399
7798 400
7799 400
7800 401
7801 401
7802 402
7803 402
7804 403
7805 403
7806 404
7807 404
7808 405
7809 405
7810 406
7811 406
7812 407
7813 407
7814 408
7815 408
7816 409
7817 409
7818 410
7819 410
7820 411
7821 411
7822 412
7823 412
7824 413
7825 413
7826 414
7827 414
7828 415
7829 415
7830 416
7831 416
7832 417
7833 417
7834 418
7835 418
7836 419
7837 419
7838 420
7839 420
7840 421
7841 421
7842 422
7843 422
7844 423
7845 423
7846 424
7847 424
7848 425
7849 425
7850 426
7851 426
7852 427
7853 427
7854 428
7855 428
7856 429
7857 429
7858 430
7859 430
7860 431
7861 431
7862 432
7863 432
7864 433
7865 433
7866 434
7867 434
7868 435
7869 435
7870 436
7871 436
7872 437
7873 437
7874 438
7875 438
7876 439
7877 439
7878 440
7879 440
7880 441
7881 441
7882 442
7883 442
7884 443
7885 443
7886 444
7887 444
7888 445
7889 445
7890 446
7891 446
7892 447
7893 447
7894 448
7895 448
7896 449
7897 449
7898 450
7899 450
7900 451
7901 451
7902 452
7903 452
7904 453
7905 453
7906 454
7907 454
7908 455
7909 455
7910 456
7911 456
7912 457
7913 457
7914 458
7915 458
7916 459
7917 459
7918 460
7919 460
7920 461
7921 461
7922 462
7923 462
7924 463
7925 463
7926 464
7927 464
7928 465
7929 465
7930 466
7931 466
7932 467
7933 467
7934 468
7935 468
7936 469
7937 469
7938 470
7939 470
7940 471
7941 471
7942 472
7943 472
7944 473
7945 473
7946 474
7947 474
7948 475
7949 475
7950 476
7951 476
7952 477
7953 477
7954 478
7955 478
7956 479
7957 479
7958 480
7959 480
7960 481
7961 481
7962 482
7963 482
7964 483
7965 483
7966 484
7967 484
7968 485
7969 485
7970 486
7971 486
7972 487
7973 487
7974 488
7975 488
7976 489
7977 489
7978 490
7979 490
7980 491
7981 491
7982 492
7983 492
7984 493
7985 493
7986 494
7987 494
7988 495
7989 495
7990 496
7991 496
7992 497
7993 497
7994 498
7995 498
7996 499
7997 499
7998 500
7999 500
8000 501
8001 502
8002 503
8003 504
8004 505
8005 506
8006 507
8007 508
8008 509
8009 510
8010 511
8011 512
8012 513
8013 514
8014 515
8015 516
8016 517
8017 518
8018 519
8019 520
8020 521
8021 522
8022 523
8023 524
8024 525
8025 526
8026 527
8027 528
8028 529
8029 530
8030 531
8031 532
8032 533
8033 534
8034 535
8035 536
8036 537
8037 538
8038 539
8039 540
8040 541
8041 542
8042 543
8043 544
8044 545
8045 546
8046 547
8047 548
8048 549
8049 550
8050 551
8051 552
8052 553
8053 554
8054 555
8055 556
8056 557
8057 558
8058 559
8059 560
8060 561
8061 562
8062 563
8063 564
8064 565
8065 566
8066 567
8067 568
8068 569
8069 570
8070 571
8071 572
8072 573
8073 574
8074 575
8075 576
8076 577
8077 578
8078 579
8079 580
8080 581
8081 582
8082 583
8083 584
8084 585
8085 586
8086 587
8087 588
8088 589
8089 590
8090 591
8091 592
8092 593
8093 594
8094 595
8095 596
8096 597
8097 598
8098 599
8099 600
8100 601
8101 602
8102 603
8103 604
8104 605
8105 606
8106 607
8107 608
8108 609
8109 610
8110 611
8111 612
8112 613
8113 614
8114 615
8115 616
8116 617
8117 618
8118 619
8119 620
8120 621
8121 622
8122 623
8123 624
8124 625
8125 626
8126 627
8127 628
8128 629
8129 630
8130 631
8131 632
8132 633
8133 634
8134 635
8135 636
8136 637
8137 638
8138 639
8139 640
8140 641
8141 642
8142 643
8143 644
8144 645
8145 646
8146 647
8147 648
8148 649
8149 650
8150 651
8151 652
8152 653
8153 654
8154 655
8155 656
8156 657
8157 658
8158 659
8159 660
8160 661
8161 662
8162 663
8163 664
8164 665
8165 666
8166 667
8167 668
8168 669
8169 670
8170 671
8171 672
8172 673
8173 674
8174 675
8175 676
8176 677
8177 678
8178 679
8179 680
8180 681
8181 682
8182 683
8183 684
8184 685
8185 686
8186 687
8187 688
8188 689
8189 690
8190 691
8191 692
8192 693
8193 694
8194 695
8195 696
8196 697
8197 698
8198 699
8199 700
8200 701
8201 702
8202 703
8203 704
8204 705
8205 706
8206 707
8207 708
8208 709
8209 710
8210 711
8211 712
8212 713
8213 714
8214 715
8215 716
8216 717
8217 718
8218 719
8219 720
8220 721
8221 722
8222 723
8223 724
8224 725
8225 726
8226 727
8227 728
8228 729
8229 730
8230 731
8231 732
8232 733
8233 734
8234 735
8235 736
8236 737
8237 738
8238 739
8239 740
8240 741
8241 742
8242 743
8243 744
8244 745
8245 746
8246 747
8247 748
8248 749
8249 750
8250 751
8251 752
8252 753
8253 754
8254 755
8255 756
8256 757
8257 758
8258 759
8259 760
8260 761
8261 762
8262 763
8263 764
8264 765
8265 766
8266 767
8267 768
8268 769
8269 770
8270 771
8271 772
8272 773
8273 774
8274 775
8275 776
8276 777
8277 778
8278 779
8279 780
8280 781
8281 782
8282 783
8283 784
8284 785
8285 786
8286 787
8287 788
8288 789
8289 790
8290 791
8291 792
8292 793
8293 794
8294 795
8295 796
8296 797
8297 798
8298 799
8299 800
8300 801
8301 802
8302 803
8303 804
8304 805
8305 806
8306 807
8307 808
8308 809
8309 810
8310 811
8311 812
8312 813
8313 814
8314 815
8315 816
8316 817
8317 818
8318 819
8319 820
8320 821
8321 822
8322 823
8323 824
8324 825
8325 826
8326 827
8327 828
8328 829
8329 830
8330 831
8331 832
8332 833
8333 834
8334 835
8335 836
8336 837
8337 838
8338 839
8339 840
8340 841
8341 842
8342 843
8343 844
8344 845
8345 846
8346 847
8347 848
8348 849
8349 850
8350 851
8351 852
8352 853
8353 854
8354 855
8355 856
8356 857
8357 858
8358 859
8359 860
8360 861
8361 862
8362 863
8363 864
8364 865
8365 866
8366 867
8367 868
8368 869
8369 870
8370 871
8371 872
8372 873
8373 874
8374 875
8375 876
8376 877
8377 878
8378 879
8379 880
8380 881
8381 882
8382 883
8383 884
8384 885
8385 886
8386 887
8387 888
8388 889
8389 890
8390 891
8391 892
8392 893
8393 894
8394 895
8395 896
8396 897
8397 898
8398 899
8399 900
8400 901
8401 902
8402 903
8403 904
8404 905
8405 906
8406 907
8407 908
8408 909
8409 910
8410 911
8411 912
8412 913
8413 914
8414 915
8415 916
8416 917
8417 918
8418 919
8419 920
8420 921
8421 922
8422 923
8423 924
8424 925
8425 926
8426 927
8427 928
8428 929
8429 930
8430 931
8431 932
8432 933
8433 934
8434 935
8435 936
8436 937
8437 938
8438 939
8439 940
8440 941
8441 942
8442 943
8443 944
8444 945
8445 946
8446 947
8447 948
8448 949
8449 950
8450 951
8451 952
8452 953
8453 954
8454 955
8455 956
8456 957
8457 958
8458 959
8459 960
8460 961
8461 962
8462 963
8463 964
8464 965
8465 966
8466 967
8467 968
8468 969
8469 970
8470 971
8471 972
8472 973
8473 974
8474 975
8475 976
8476 977
8477 978
8478 979
8479 980
8480 981
8481 982
8482 983
8483 984
8484 985
8485 986
8486 987
8487 988
8488 989
8489 990
8490 991
8491 992
8492 993
8493 994
8494 995
8495 996
8496 997
8497 998
8498 999
8499 1000
8500 1001
8501 1002
8502 1003
8503 1004
8504 1005
8505 1006
8506 1007
8507 1008
8508 1009
8509 1010
8510 1011
8511 1012
8512 1013
8513 1014
8514 1015
8515 1016
8516 1017
8517 1018
8518 1019
8519 1020
8520 1021
8521 1022
8522 1023
8523 1024
8524 1025
8525 1026
8526 1027
8527 1028
8528 1029
8529 1030
8530 1031
8531 1032
8532 1033
8533 1034
8534 1035
8535 1036
8536 1037
8537 1038
8538 1039
8539 1040
8540 1041
8541 1042
8542 1043
8543 1044
8544 1045
8545 1046
8546 1047
8547 1048
8548 1049
8549 1050
8550 1051
8551 1052
8552 1053
8553 1054
8554 1055
8555 1056
8556 1057
8557 1058
8558 1059
8559 1060
8560 1061
8561 1062
8562 1063
8563 1064
8564 1065
8565 1066
8566 1067
8567 1068
8568 1069
8569 1070
8570 1071
8571 1072
8572 1073
8573 1074
8574 1075
8575 1076
8576 1077
8577 1078
8578 1079
8579 1080
8580 1081
8581 1082
8582 1083
8583 1084
8584 1085
8585 1086
8586 1087
8587 1088
8588 1089
8589 1090
8590 1091
8591 1092
8592 1093
8593 1094
8594 1095
8595 1096
8596 1097
8597 1098
8598 1099
8599 1100
8600 1101
8601 1102
8602 1103
8603 1104
8604 1105
8605 1106
8606 1107
8607 1108
8608 1109
8609 1110
8610 1111
8611 1112
8612 1113
8613 1114
8614 1115
8615 1116
8616 1117
8617 1118
8618 1119
8619 1120
8620 1121
8621 1122
8622 1123
8623 1124
8624 1125
8625 1126
8626 1127
8627 1128
8628 1129
8629 1130
8630 1131
8631 1132
8632 1133
8633 1134
8634 1135
8635 1136
8636 1137
8637 1138
8638 1139
8639 1140
8640 1141
8641 1142
8642 1143
8643 1144
8644 1145
8645 1146
8646 1147
8647 1148
8648 1149
8649 1150
8650 1151
8651 1152
8652 1153
8653 1154
8654 1155
8655 1156
8656 1157
8657 1158
8658 1159
8659 1160
8660 1161
8661 1162
8662 1163
8663 1164
8664 1165
8665 1166
8666 1167
8667 1168
8668 1169
8669 1170
8670 1171
8671 1172
8672 1173
8673 1174
8674 1175
8675 1176
8676 1177
8677 1178
8678 1179
8679 1180
8680 1181
8681 1182
8682 1183
8683 1184
8684 1185
8685 1186
8686 1187
8687 1188
8688 1189
8689 1190
8690 1191
8691 1192
8692 1193
8693 1194
8694 1195
8695 1196
8696 1197
8697 1198
8698 1199
8699 1200
8700 1201
8701 1202
8702 1203
8703 1204
8704 1205
8705 1206
8706 1207
8707 1208
8708 1209
8709 1210
8710 1211
8711 1212
8712 1213
8713 1214
8714 1215
8715 1216
8716 1217
8717 1218
8718 1219
8719 1220
8720 1221
8721 1222
8722 1223
8723 1224
8724 1225
8725 1226
8726 1227
8727 1228
8728 1229
8729 1230
8730 1231
8731 1232
8732 1233
8733 1234
8734 1235
8735 1236
8736 1237
8737 1238
8738 1239
8739 1240
8740 1241
8741 1242
8742 1243
8743 1244
8744 1245
8745 1246
8746 1247
8747 1248
8748 1249
8749 1250
8750 1251
8751 1252
8752 1253
8753 1254
8754 1255
8755 1256
8756 1257
8757 1258
8758 1259
8759 1260
8760 1261
8761 1262
8762 1263
8763 1264
8764 1265
8765 1266
8766 1267
8767 1268
8768 1269
8769 1270
8770 1271
8771 1272
8772 1273
8773 1274
8774 1275
8775 1276
8776 1277
8777 1278
8778 1279
8779 1280
8780 1281
8781 1282
8782 1283
8783 1284
8784 1285
8785 1286
8786 1287
8787 1288
8788 1289
8789 1290
8790 1291
8791 1292
8792 1293
8793 1294
8794 1295
8795 1296
8796 1297
8797 1298
8798 1299
8799 1300
8800 1301
8801 1302
8802 1303
8803 1304
8804 1305
8805 1306
8806 1307
8807 1308
8808 1309
8809 1310
8810 1311
8811 1312
8812 1313
8813 1314
8814 1315
8815 1316
8816 1317
8817 1318
8818 1319
8819 1320
8820 1321
8821 1322
8822 1323
8823 1324
8824 1325
8825 1326
8826 1327
8827 1328
8828 1329
8829 1330
8830 1331
8831 1332
8832 1333
8833 1334
8834 1335
8835 1336
8836 1337
8837 1338
8838 1339
8839 1340
8840 1341
8841 1342
8842 1343
8843 1344
8844 1345
8845 1346
8846 1347
8847 1348
8848 1349
8849 1350
8850 1351
8851 1352
8852 1353
8853 1354
8854 1355
8855 1356
8856 1357
8857 1358
8858 1359
8859 1360
8860 1361
8861 1362
8862 1363
8863 1364
8864 1365
8865 1366
8866 1367
8867 1368
8868 1369
8869 1370
8870 1371
8871 1372
8872 1373
8873 1374
8874 1375
8875 1376
8876 1377
8877 1378
8878 1379
8879 1380
8880 1381
8881 1382
8882 1383
8883 1384
8884 1385
8885 1386
8886 1387
8887 1388
8888 1389
8889 1390
8890 1391
8891 1392
8892 1393
8893 1394
8894 1395
8895 1396
8896 1397
8897 1398
8898 1399
8899 1400
8900 1401
8901 1402
8902 1403
8903 1404
8904 1405
8905 1406
8906 1407
8907 1408
8908 1409
8909 1410
8910 1411
8911 1412
8912 1413
8913 1414
8914 1415
8915 1416
8916 1417
8917 1418
8918 1419
8919 1420
8920 1421
8921 1422
8922 1423
8923 1424
8924 1425
8925 1426
8926 1427
8927 1428
8928 1429
8929 1430
8930 1431
8931 1432
8932 1433
8933 1434
8934 1435
8935 1436
8936 1437
8937 1438
8938 1439
8939 1440
8940 1441
8941 1442
8942 1443
8943 1444
8944 1445
8945 1446
8946 1447
8947 1448
8948 1449
8949 1450
8950 1451
8951 1452
8952 1453
8953 1454
8954 1455
8955 1456
8956 1457
8957 1458
8958 1459
8959 1460
8960 1461
8961 1462
8962 1463
8963 1464
8964 1465
8965 1466
8966 1467
8967 1468
8968 1469
8969 1470
8970 1471
8971 1472
8972 1473
8973 1474
8974 1475
8975 1476
8976 1477
8977 1478
8978 1479
8979 1480
8980 1481
8981 1482
8982 1483
8983 1484
8984 1485
8985 1486
8986 1487
8987 1488
8988 1489
8989 1490
8990 1491
8991 1492
8992 1493
8993 1494
8994 1495
8995 1496
8996 1497
8997 1498
8998 1499
8999 1500
9000 1501
9001 1502
9002 1503
9003 1504
9004 1505
9005 1506
9006 1507
9007 1508
9008 1509
9009 1510
9010 1511
9011 1512
9012 1513
9013 1514
9014 1515
9015 1516
9016 1517
9017 1518
9018 1519
9019 1520
9020 1521
9021 1522
9022 1523
9023 1524
9024 1525
9025 1526
9026 1527
9027 1528
9028 1529
9029 1530
9030 1531
9031 1532
9032 1533
9033 1534
9034 1535
9035 1536
9036 1537
9037 1538
9038 1539
9039 1540
9040 1541
9041 1542
9042 1543
9043 1544
9044 1545
9045 1546
9046 1547
9047 1548
9048 1549
9049 1550
9050 1551
9051 1552
9052 1553
9053 1554
9054 1555
9055 1556
9056 1557
9057 1558
9058 1559
9059 1560
9060 1561
9061 1562
9062 1563
9063 1564
9064 1565
9065 1566
9066 1567
9067 1568
9068 1569
9069 1570
9070 1571
9071 1572
9072 1573
9073 1574
9074 1575
9075 1576
9076 1577
9077 1578
9078 1579
9079 1580
9080 1581
9081 1582
9082 1583
9083 1584
9084 1585
9085 1586
9086 1587
9087 1588
9088 1589
9089 1590
9090 1591
9091 1592
9092 1593
9093 1594
9094 1595
9095 1596
9096 1597
9097 1598
9098 1599
9099 1600
9100 1601
9101 1602
9102 1603
9103 1604
9104 1605
9105 1606
9106 1607
9107 1608
9108 1609
9109 1610
9110 1611
9111 1612
9112 1613
9113 1614
9114 1615
9115 1616
9116 1617
9117 1618
9118 1619
9119 1620
9120 1621
9121 1622
9122 1623
9123 1624
9124 1625
9125 1626
9126 1627
9127 1628
9128 1629
9129 1630
9130 1631
9131 1632
9132 1633
9133 1634
9134 1635
9135 1636
9136 1637
9137 1638
9138 1639
9139 1640
9140 1641
9141 1642
9142 1643
9143 1644
9144 1645
9145 1646
9146 1647
9147 1648
9148 1649
9149 1650
9150 1651
9151 1652
9152 1653
9153 1654
9154 1655
9155 1656
9156 1657
9157 1658
9158 1659
9159 1660
9160 1661
9161 1662
9162 1663
9163 1664
9164 1665
9165 1666
9166 1667
9167 1668
9168 1669
9169 1670
9170 1671
9171 1672
9172 1673
9173 1674
9174 1675
9175 1676
9176 1677
9177 1678
9178 1679
9179 1680
9180 1681
9181 1682
9182 1683
9183 1684
9184 1685
9185 1686
9186 1687
9187 1688
9188 1689
9189 1690
9190 1691
9191 1692
9192 1693
9193 1694
9194 1695
9195 1696
9196 1697
9197 1698
9198 1699
9199 1700
9200 1701
9201 1702
9202 1703
9203 1704
9204 1705
9205 1706
9206 1707
9207 1708
9208 1709
9209 1710
9210 1711
9211 1712
9212 1713
9213 1714
9214 1715
9215 1716
9216 1717
9217 1718
9218 1719
9219 1720
9220 1721
9221 1722
9222 1723
9223 1724
9224 1725
9225 1726
9226 1727
9227 1728
9228 1729
9229 1730
9230 1731
9231 1732
9232 1733
9233 1734
9234 1735
9235 1736
9236 1737
9237 1738
9238 1739
9239 1740
9240 1741
9241 1742
9242 1743
9243 1744
9244 1745
9245 1746
9246 1747
9247 1748
9248 1749
9249 1750
9250 1751
9251 1752
9252 1753
9253 1754
9254 1755
9255 1756
9256 1757
9257 1758
9258 1759
9259 1760
9260 1761
9261 1762
9262 1763
9263 1764
9264 1765
9265 1766
9266 1767
9267 1768
9268 1769
9269 1770
9270 1771
9271 1772
9272 1773
9273 1774
9274 1775
9275 1776
9276 1777
9277 1778
9278 1779
9279 1780
9280 1781
9281 1782
9282 1783
9283 1784
9284 1785
9285 1786
9286 1787
9287 1788
9288 1789
9289 1790
9290 1791
9291 1792
9292 1793
9293 1794
9294 1795
9295 1796
9296 1797
9297 1798
9298 1799
9299 1800
9300 1801
9301 1802
9302 1803
9303 1804
9304 1805
9305 1806
9306 1807
9307 1808
9308 1809
9309 1810
9310 1811
9311 1812
9312 1813
9313 1814
9314 1815
9315 1816
9316 1817
9317 1818
9318 1819
9319 1820
9320 1821
9321 1822
9322 1823
9323 1824
9324 1825
9325 1826
9326 1827
9327 1828
9328 1829
9329 1830
9330 1831
9331 1832
9332 1833
9333 1834
9334 1835
9335 1836
9336 1837
9337 1838
9338 1839
9339 1840
9340 1841
9341 1842
9342 1843
9343 1844
9344 1845
9345 1846
9346 1847
9347 1848
9348 1849
9349 1850
9350 1851
9351 1852
9352 1853
9353 1854
9354 1855
9355 1856
9356 1857
9357 1858
9358 1859
9359 1860
9360 1861
9361 1862
9362 1863
9363 1864
9364 1865
9365 1866
9366 1867
9367 1868
9368 1869
9369 1870
9370 1871
9371 1872
9372 1873
9373 1874
9374 1875
9375 1876
9376 1877
9377 1878
9378 1879
9379 1880
9380 1881
9381 1882
9382 1883
9383 1884
9384 1885
9385 1886
9386 1887
9387 1888
9388 1889
9389 1890
9390 1891
9391 1892
9392 1893
9393 1894
9394 1895
9395 1896
9396 1897
9397 1898
9398 1899
9399 1900
9400 1901
9401 1902
9402 1903
9403 1904
9404 1905
9405 1906
9406 1907
9407 1908
9408 1909
9409 1910
9410 1911
9411 1912
9412 1913
9413 1914
9414 1915
9415 1916
9416 1917
9417 1918
9418 1919
9419 1920
9420 1921
9421 1922
9422 1923
9423 1924
9424 1925
9425 1926
9426 1927
9427 1928
9428 1929
9429 1930
9430 1931
9431 1932
9432 1933
9433 1934
9434 1935
9435 1936
9436 1937
9437 1938
9438 1939
9439 1940
9440 1941
9441 1942
9442 1943
9443 1944
9444 1945
9445 1946
9446 1947
9447 1948
9448 1949
9449 1950
9450 1951
9451 1952
9452 1953
9453 1954
9454 1955
9455 1956
9456 1957
9457 1958
9458 1959
9459 1960
9460 1961
9461 1962
9462 1963
9463 1964
9464 1965
9465 1966
9466 1967
9467 1968
9468 1969
9469 1970
9470 1971
9471 1972
9472 1973
9473 1974
9474 1975
9475 1976
9476 1977
9477 1978
9478 1979
9479 1980
9480 1981
9481 1982
9482 1983
9483 1984
9484 1985
9485 1986
9486 1987
9487 1988
9488 1989
9489 1990
9490 1991
9491 1992
9492 1993
9493 1994
9494 1995
9495 1996
9496 1997
9497 1998
9498 1999
9499 2000
9500 2001
9501 2002
9502 2003
9503 2004
9504 2005
9505 2006
9506 2007
9507 2008
9508 2009
9509 2010
9510 2011
9511 2012
9512 2013
9513 2014
9514 2015
9515 2016
9516 2017
9517 2018
9518 2019
9519 2020
9520 2021
9521 2022
9522 2023
9523 2024
9524 2025
9525 2026
9526 2027
9527 2028
9528 2029
9529 2030
9530 2031
9531 2032
9532 2033
9533 2034
9534 2035
9535 2036
9536 2037
9537 2038
9538 2039
9539 2040
9540 2041
9541 2042
9542 2043
9543 2044
9544 2045
9545 2046
9546 2047
9547 2048
9548 2049
9549 2050
9550 2051
9551 2052
9552 2053
9553 2054
9554 2055
9555 2056
9556 2057
9557 2058
9558 2059
9559 2060
9560 2061
9561 2062
9562 2063
9563 2064
9564 2065
9565 2066
9566 2067
9567 2068
9568 2069
9569 2070
9570 2071
9571 2072
9572 2073
9573 2074
9574 2075
9575 2076
9576 2077
9577 2078
9578 2079
9579 2080
9580 2081
9581 2082
9582 2083
9583 2084
9584 2085
9585 2086
9586 2087
9587 2088
9588 2089
9589 2090
9590 2091
9591 2092
9592 2093
9593 2094
9594 2095
9595 2096
9596 2097
9597 2098
9598 2099
9599 2100
9600 2101
9601 2102
9602 2103
9603 2104
9604 2105
9605 2106
9606 2107
9607 2108
9608 2109
9609 2110
9610 2111
9611 2112
9612 2113
9613 2114
9614 2115
9615 2116
9616 2117
9617 2118
9618 2119
9619 2120
9620 2121
9621 2122
9622 2123
9623 2124
9624 2125
9625 2126
9626 2127
9627 2128
9628 2129
9629 2130
9630 2131
9631 2132
9632 2133
9633 2134
9634 2135
9635 2136
9636 2137
9637 2138
9638 2139
9639 2140
9640 2141
9641 2142
9642 2143
9643 2144
9644 2145
9645 2146
9646 2147
9647 2148
9648 2149
9649 2150
9650 2151
9651 2152
9652 2153
9653 2154
9654 2155
9655 2156
9656 2157
9657 2158
9658 2159
9659 2160
9660 2161
9661 2162
9662 2163
9663 2164
9664 2165
9665 2166
9666 2167
9667 2168
9668 2169
9669 2170
9670 2171
9671 2172
9672 2173
9673 2174
9674 2175
9675 2176
9676 2177
9677 2178
9678 2179
9679 2180
9680 2181
9681 2182
9682 2183
9683 2184
9684 2185
9685 2186
9686 2187
9687 2188
9688 2189
9689 2190
9690 2191
9691 2192
9692 2193
9693 2194
9694 2195
9695 2196
9696 2197
9697 2198
9698 2199
9699 2200
9700 2201
9701 2202
9702 2203
9703 2204
9704 2205
9705 2206
9706 2207
9707 2208
9708 2209
9709 2210
9710 2211
9711 2212
9712 2213
9713 2214
9714 2215
9715 2216
9716 2217
9717 2218
9718 2219
9719 2220
9720 2221
9721 2222
9722 2223
9723 2224
9724 2225
9725 2226
9726 2227
9727 2228
9728 2229
9729 2230
9730 2231
9731 2232
9732 2233
9733 2234
9734 2235
9735 2236
9736 2237
9737 2238
9738 2239
9739 2240
9740 2241
9741 2242
9742 2243
9743 2244
9744 2245
9745 2246
9746 2247
9747 2248
9748 2249
9749 2250
9750 2251
9751 2252
9752 2253
9753 2254
9754 2255
9755 2256
9756 2257
9757 2258
9758 2259
9759 2260
9760 2261
9761 2262
9762 2263
9763 2264
9764 2265
9765 2266
9766 2267
9767 2268
9768 2269
9769 2270
9770 2271
9771 2272
9772 2273
9773 2274
9774 2275
9775 2276
9776 2277
9777 2278
9778 2279
9779 2280
9780 2281
9781 2282
9782 2283
9783 2284
9784 2285
9785 2286
9786 2287
9787 2288
9788 2289
9789 2290
9790 2291
9791 2292
9792 2293
9793 2294
9794 2295
9795 2296
9796 2297
9797 2298
9798 2299
9799 2300
9800 2301
9801 2302
9802 2303
9803 2304
9804 2305
9805 2306
9806 2307
9807 2308
9808 2309
9809 2310
9810 2311
9811 2312
9812 2313
9813 2314
9814 2315
9815 2316
9816 2317
9817 2318
9818 2319
9819 2320
9820 2321
9821 2322
9822 2323
9823 2324
9824 2325
9825 2326
9826 2327
9827 2328
9828 2329
9829 2330
9830 2331
9831 2332
9832 2333
9833 2334
9834 2335
9835 2336
9836 2337
9837 2338
9838 2339
9839 2340
9840 2341
9841 2342
9842 2343
9843 2344
9844 2345
9845 2346
9846 2347
9847 2348
9848 2349
9849 2350
9850 2351
9851 2352
9852 2353
9853 2354
9854 2355
9855 2356
9856 2357
9857 2358
9858 2359
9859 2360
9860 2361
9861 2362
9862 2363
9863 2364
9864 2365
9865 2366
9866 2367
9867 2368
9868 2369
9869 2370
9870 2371
9871 2372
9872 2373
9873 2374
9874 2375
9875 2376
9876 2377
9877 2378
9878 2379
9879 2380
9880 2381
9881 2382
9882 2383
9883 2384
9884 2385
9885 2386
9886 2387
9887 2388
9888 2389
9889 2390
9890 2391
9891 2392
9892 2393
9893 2394
9894 2395
9895 2396
9896 2397
9897 2398
9898 2399
9899 2400
9900 2401
9901 2402
9902 2403
9903 2404
9904 2405
9905 2406
9906 2407
9907 2408
9908 2409
9909 2410
9910 2411
9911 2412
9912 2413
9913 2414
9914 2415
9915 2416
9916 2417
9917 2418
9918 2419
9919 2420
9920 2421
9921 2422
9922 2423
9923 2424
9924 2425
9925 2426
9926 2427
9927 2428
9928 2429
9929 2430
9930 2431
9931 2432
9932 2433
9933 2434
9934 2435
9935 2436
9936 2437
9937 2438
9938 2439
9939 2440
9940 2441
9941 2442
9942 2443
9943 2444
9944 2445
9945 2446
9946 2447
9947 2448
9948 2449
9949 2450
9950 2451
9951 2452
9952 2453
9953 2454
9954 2455
9955 2456
9956 2457
9957 2458
9958 2459
9959 2460
9960 2461
9961 2462
9962 2463
9963 2464
9964 2465
9965 2466
9966 2467
9967 2468
9968 2469
9969 2470
9970 2471
9971 2472
9972 2473
9973 2474
9974 2475
9975 2476
9976 2477
9977 2478
9978 2479
9979 2480
9980 2481
9981 2482
9982 2483
9983 2484
9984 2485
9985 2486
9986 2487
9987 2488
9988 2489
9989 2490
9990 2491
9991 2492
9992 2493
9993 2494
9994 2495
9995 2496
9996 2497
9997 2498
9998 2499
9999 2500

Execution Time: 0.000000000000 seconds
